instrumentId,valuationBidPrice,timeStamp,valuationAskPrice,lastMarketClosePrice,bid-price,bid-quantity,bid-price,bid-quantity,bid-price,bid-quantity,bid-price,bid-quantity,ask-price,ask-quantity,ask-price,ask-quantity,ask-price,ask-quantity,ask-price,ask-quantity,ask-price,ask-quantity,lastTradedPrice,dailyHighestTradedPrice,dailyLowestTradedPrice,marketClosePriceTimeStamp,timereceived,instruname,obeventrow
100723,84.3,1352467489437,84.34,84.99,84.3,100,84.29,100,84.25,100,84.2,200,84.34,100,84.36,100,84.39,100,84.44,200,85.82,1,84.2,85.52,84.2,1352408400000,1352467492256,CLZ2,2
100723,84.29,1352467495195,84.33,84.99,84.29,100,84.28,100,84.24,100,84.19,200,84.33,100,84.35,100,84.38,100,84.43,200,85.82,1,84.2,85.52,84.2,1352408400000,1352467495291,CLZ2,11
100723,84.28,1352467495429,84.32,84.99,84.28,100,84.27,100,84.23,100,84.18,200,84.32,100,84.34,100,84.37,100,84.42,200,85.82,1,84.2,85.52,84.2,1352408400000,1352467495491,CLZ2,14
100723,84.25,1352467495788,84.33,84.99,84.25,100,84.24,100,84.2,100,84.15,200,84.33,100,84.35,100,84.38,100,84.43,200,85.82,1,84.2,85.52,84.2,1352408400000,1352467495829,CLZ2,18
100723,84.24,1352467497204,84.32,84.99,84.24,100,84.23,100,84.19,100,84.14,200,84.32,100,84.34,100,84.37,100,84.42,200,85.82,1,84.2,85.52,84.2,1352408400000,1352467497290,CLZ2,24
100723,84.26,1352467499042,84.3,84.99,84.26,100,84.25,100,84.21,100,84.16,200,84.3,100,84.32,100,84.35,100,84.4,200,85.82,1,84.2,85.52,84.2,1352408400000,1352467499144,CLZ2,29
100723,84.27,1352467500529,84.31,84.99,84.27,100,84.26,100,84.22,100,84.17,200,84.31,100,84.33,100,84.36,100,84.41,200,85.82,1,84.2,85.52,84.2,1352408400000,1352467500530,CLZ2,35
100723,84.26,1352467501643,84.3,84.99,84.26,100,84.25,100,84.21,100,84.16,200,84.3,100,84.32,100,84.35,100,84.4,200,85.82,1,84.2,85.52,84.2,1352408400000,1352467501805,CLZ2,39
100723,84.27,1352467505366,84.31,84.99,84.27,100,84.26,100,84.22,100,84.17,200,84.31,100,84.33,100,84.36,100,84.41,200,85.82,1,84.2,85.52,84.2,1352408400000,1352467505493,CLZ2,46
100723,84.28,1352467505847,84.32,84.99,84.28,100,84.27,100,84.23,100,84.18,200,84.32,100,84.34,100,84.37,100,84.42,200,85.82,1,84.2,85.52,84.2,1352408400000,1352467505929,CLZ2,47
100723,84.27,1352467512809,84.31,84.99,84.27,100,84.26,100,84.22,100,84.17,200,84.31,100,84.33,100,84.36,100,84.41,200,85.82,1,84.2,85.52,84.2,1352408400000,1352467512968,CLZ2,59
100723,84.26,1352467514420,84.3,84.99,84.26,100,84.25,100,84.21,100,84.16,200,84.3,100,84.32,100,84.35,100,84.4,200,85.82,1,84.2,85.52,84.2,1352408400000,1352467514489,CLZ2,61
100723,84.25,1352467514810,84.29,84.99,84.25,100,84.24,100,84.2,100,84.15,200,84.29,100,84.31,100,84.34,100,84.39,200,85.82,1,84.2,85.52,84.2,1352408400000,1352467514889,CLZ2,65
100723,84.24,1352467520854,84.28,84.99,84.24,100,84.23,100,84.19,100,84.14,200,84.28,100,84.3,100,84.33,100,84.38,200,85.82,1,84.2,85.52,84.2,1352408400000,1352467520930,CLZ2,103
100723,84.23,1352467530264,84.27,84.99,84.23,100,84.22,100,84.18,100,84.13,200,84.27,100,84.29,100,84.32,100,84.37,200,85.82,1,84.2,85.52,84.2,1352408400000,1352467530391,CLZ2,129
100723,84.19,1352467530478,84.27,84.99,84.19,100,84.18,100,84.14,100,84.09,200,84.27,100,84.29,100,84.32,100,84.37,200,85.82,1,84.2,85.52,84.2,1352408400000,1352467530589,CLZ2,132
100723,84.2,1352467531601,84.28,84.99,84.2,100,84.19,100,84.15,100,84.1,200,84.28,100,84.3,100,84.33,100,84.38,200,85.82,1,84.2,85.52,84.2,1352408400000,1352467531708,CLZ2,135
100723,84.21,1352467531928,84.29,84.99,84.21,100,84.2,100,84.16,100,84.11,200,84.29,100,84.31,100,84.34,100,84.39,200,85.82,1,84.2,85.52,84.2,1352408400000,1352467531930,CLZ2,136
100723,84.2,1352467533030,84.28,84.99,84.2,100,84.19,100,84.15,100,84.1,200,84.28,100,84.3,100,84.33,100,84.38,200,85.82,1,84.2,85.52,84.2,1352408400000,1352467533029,CLZ2,141
100723,84.19,1352467533707,84.27,84.99,84.19,100,84.18,100,84.14,100,84.09,200,84.27,100,84.29,100,84.32,100,84.37,200,85.82,1,84.2,85.52,84.2,1352408400000,1352467533856,CLZ2,142
100723,84.18,1352467534961,84.26,84.99,84.18,100,84.17,100,84.13,100,84.08,200,84.26,100,84.28,100,84.31,100,84.36,200,85.82,1,84.2,85.52,84.2,1352408400000,1352467535189,CLZ2,145
100723,84.18,1352467535181,84.27,84.99,84.18,100,84.17,100,84.13,100,84.08,200,84.27,100,84.29,100,84.32,100,84.37,200,85.82,1,84.2,85.52,84.2,1352408400000,1352467535232,CLZ2,146
100723,84.19,1352467535478,84.27,84.99,84.19,100,84.18,100,84.14,100,84.09,200,84.27,100,84.29,100,84.32,100,84.37,200,85.82,1,84.2,85.52,84.2,1352408400000,1352467535529,CLZ2,147
100723,84.18,1352467536807,84.26,84.99,84.18,100,84.17,100,84.13,100,84.08,200,84.26,100,84.28,100,84.31,100,84.36,200,85.82,1,84.2,85.52,84.2,1352408400000,1352467536886,CLZ2,152
100723,84.2,1352467537007,84.24,84.99,84.2,100,84.19,100,84.15,100,84.1,200,84.24,100,84.26,100,84.29,100,84.34,200,85.82,1,84.2,85.52,84.2,1352408400000,1352467537028,CLZ2,153
100723,84.21,1352467538427,84.26,84.99,84.21,100,84.2,100,84.16,100,84.11,200,84.26,100,84.28,100,84.31,100,84.36,200,85.82,1,84.2,85.52,84.2,1352408400000,1352467538501,CLZ2,155
100723,84.2,1352467544794,84.25,84.99,84.2,100,84.19,100,84.15,100,84.1,200,84.25,100,84.27,100,84.3,100,84.35,200,85.82,1,84.2,85.52,84.2,1352408400000,1352467544916,CLZ2,171
100723,84.21,1352467546428,84.26,84.99,84.21,100,84.2,100,84.16,100,84.11,200,84.26,100,84.28,100,84.31,100,84.36,200,85.82,1,84.2,85.52,84.2,1352408400000,1352467546430,CLZ2,174
100723,84.2,1352467546481,84.25,84.99,84.2,100,84.19,100,84.15,100,84.1,200,84.25,100,84.27,100,84.3,100,84.35,200,85.82,1,84.2,85.52,84.2,1352408400000,1352467546538,CLZ2,175
100723,84.21,1352467547536,84.26,84.99,84.21,100,84.2,100,84.16,100,84.11,200,84.26,100,84.28,100,84.31,100,84.36,200,85.82,1,84.2,85.52,84.2,1352408400000,1352467547783,CLZ2,179
100723,84.2,1352467548516,84.25,84.99,84.2,100,84.19,100,84.15,100,84.1,200,84.25,100,84.27,100,84.3,100,84.35,200,85.82,1,84.2,85.52,84.2,1352408400000,1352467548527,CLZ2,180
100723,84.21,1352467549889,84.26,84.99,84.21,100,84.2,100,84.16,100,84.11,200,84.26,100,84.28,100,84.31,100,84.36,200,85.82,1,84.2,85.52,84.2,1352408400000,1352467550036,CLZ2,184
100723,84.22,1352467550767,84.26,84.99,84.22,100,84.21,100,84.17,100,84.12,200,84.26,100,84.28,100,84.31,100,84.36,200,85.82,1,84.2,85.52,84.2,1352408400000,1352467550916,CLZ2,192
100723,84.23,1352467552726,84.27,84.99,84.23,100,84.22,100,84.18,100,84.13,200,84.27,100,84.29,100,84.32,100,84.37,200,85.82,1,84.2,85.52,84.2,1352408400000,1352467552728,CLZ2,196
100723,84.24,1352467554784,84.28,84.99,84.24,100,84.23,100,84.19,100,84.14,200,84.28,100,84.3,100,84.33,100,84.38,200,85.82,1,84.2,85.52,84.2,1352408400000,1352467554830,CLZ2,197
100723,84.22,1352467557929,84.26,84.99,84.22,100,84.21,100,84.17,100,84.12,200,84.26,100,84.28,100,84.31,100,84.36,200,85.82,1,84.2,85.52,84.2,1352408400000,1352467557928,CLZ2,210
100723,84.21,1352467568298,84.25,84.99,84.21,100,84.2,100,84.16,100,84.11,200,84.25,100,84.27,100,84.3,100,84.35,200,85.82,1,84.2,85.52,84.2,1352408400000,1352467568470,CLZ2,248
100723,84.22,1352467576643,84.26,84.99,84.22,100,84.21,100,84.17,100,84.12,200,84.26,100,84.28,100,84.31,100,84.36,200,85.82,1,84.2,85.52,84.2,1352408400000,1352467576788,CLZ2,258
100723,84.21,1352467589076,84.25,84.99,84.21,100,84.2,100,84.16,100,84.11,200,84.25,100,84.27,100,84.3,100,84.35,200,85.82,1,84.2,85.52,84.2,1352408400000,1352467589132,CLZ2,292
100723,84.2,1352467600470,84.24,84.99,84.2,100,84.19,100,84.15,100,84.1,200,84.24,100,84.26,100,84.29,100,84.34,200,85.82,1,84.2,85.52,84.2,1352408400000,1352467600529,CLZ2,309
100723,84.19,1352467602351,84.23,84.99,84.19,100,84.18,100,84.14,100,84.09,200,84.23,100,84.25,100,84.28,100,84.33,200,85.82,1,84.2,85.52,84.2,1352408400000,1352467602488,CLZ2,321
100723,84.17,1352467604251,84.21,84.99,84.17,100,84.16,100,84.12,100,84.07,200,84.21,100,84.23,100,84.26,100,84.31,200,85.82,1,84.2,85.52,84.2,1352408400000,1352467604328,CLZ2,337
100723,84.18,1352467608810,84.22,84.99,84.18,100,84.17,100,84.13,100,84.08,200,84.22,100,84.24,100,84.27,100,84.32,200,85.82,1,84.2,85.52,84.2,1352408400000,1352467608890,CLZ2,361
100723,84.19,1352467609284,84.23,84.99,84.19,100,84.18,100,84.14,100,84.09,200,84.23,100,84.25,100,84.28,100,84.33,200,85.82,1,84.2,85.52,84.2,1352408400000,1352467609328,CLZ2,363
100723,84.2,1352467609835,84.24,84.99,84.2,100,84.19,100,84.15,100,84.1,200,84.24,100,84.26,100,84.29,100,84.34,200,85.82,1,84.2,85.52,84.2,1352408400000,1352467610042,CLZ2,365
100723,84.19,1352467613769,84.23,84.99,84.19,100,84.18,100,84.14,100,84.09,200,84.23,100,84.25,100,84.28,100,84.33,200,85.82,1,84.2,85.52,84.2,1352408400000,1352467613889,CLZ2,376
100723,84.18,1352467616623,84.22,84.99,84.18,100,84.17,100,84.13,100,84.08,200,84.22,100,84.24,100,84.27,100,84.32,200,85.82,1,84.2,85.52,84.2,1352408400000,1352467616628,CLZ2,397
100723,84.19,1352467619546,84.23,84.99,84.19,100,84.18,100,84.14,100,84.09,200,84.23,100,84.25,100,84.28,100,84.33,200,85.82,1,84.2,85.52,84.2,1352408400000,1352467619688,CLZ2,403
100723,84.2,1352467620235,84.24,84.99,84.2,100,84.19,100,84.15,100,84.1,200,84.24,100,84.26,100,84.29,100,84.34,200,85.82,1,84.2,85.52,84.2,1352408400000,1352467620404,CLZ2,411
100723,84.19,1352467621871,84.23,84.99,84.19,100,84.18,100,84.14,100,84.09,200,84.23,100,84.25,100,84.28,100,84.33,200,85.82,1,84.2,85.52,84.2,1352408400000,1352467621989,CLZ2,418
100723,84.18,1352467622351,84.22,84.99,84.18,100,84.17,100,84.13,100,84.08,200,84.22,100,84.24,100,84.27,100,84.32,200,85.82,1,84.2,85.52,84.2,1352408400000,1352467622489,CLZ2,423
100723,84.19,1352467628434,84.23,84.99,84.19,100,84.18,100,84.14,100,84.09,200,84.23,100,84.25,100,84.28,100,84.33,200,85.82,1,84.2,85.52,84.2,1352408400000,1352467628491,CLZ2,436
100723,84.18,1352467631375,84.22,84.99,84.18,100,84.17,100,84.13,100,84.08,200,84.22,100,84.24,100,84.27,100,84.32,200,85.82,1,84.2,85.52,84.2,1352408400000,1352467631488,CLZ2,455
100723,84.17,1352467633120,84.21,84.99,84.17,100,84.16,100,84.12,100,84.07,200,84.21,100,84.23,100,84.26,100,84.31,200,85.82,1,84.2,85.52,84.2,1352408400000,1352467633137,CLZ2,461
100723,84.18,1352467647920,84.22,84.99,84.18,100,84.17,100,84.13,100,84.08,200,84.22,100,84.24,100,84.27,100,84.32,200,85.82,1,84.2,85.52,84.2,1352408400000,1352467647927,CLZ2,504
100723,84.19,1352467648601,84.23,84.99,84.19,100,84.18,100,84.14,100,84.09,200,84.23,100,84.25,100,84.28,100,84.33,200,85.82,1,84.2,85.52,84.2,1352408400000,1352467648628,CLZ2,505
100723,84.18,1352467653161,84.22,84.99,84.18,100,84.17,100,84.13,100,84.08,200,84.22,100,84.24,100,84.27,100,84.32,200,85.82,1,84.2,85.52,84.2,1352408400000,1352467653289,CLZ2,514
100723,84.19,1352467654536,84.22,84.99,84.19,100,84.18,100,84.14,100,84.08,200,84.22,100,84.24,100,84.27,100,84.32,200,85.82,1,84.2,85.52,84.2,1352408400000,1352467654689,CLZ2,515
100723,84.19,1352467654539,84.23,84.99,84.19,100,84.18,100,84.14,100,84.09,200,84.23,100,84.25,100,84.28,100,84.33,200,85.82,1,84.2,85.52,84.2,1352408400000,1352467654689,CLZ2,516
100723,84.2,1352467663997,84.25,84.99,84.2,100,84.19,100,84.15,100,84.1,200,84.25,100,84.27,100,84.3,100,84.35,200,85.82,1,84.2,85.52,84.2,1352408400000,1352467664089,CLZ2,563
100723,84.19,1352467667087,84.23,84.99,84.19,100,84.18,100,84.14,100,84.09,200,84.23,100,84.25,100,84.28,100,84.33,200,85.82,1,84.2,85.52,84.2,1352408400000,1352467667188,CLZ2,584
100723,84.18,1352467675125,84.22,84.99,84.18,100,84.17,100,84.13,100,84.08,200,84.22,100,84.24,100,84.27,100,84.32,200,85.82,1,84.2,85.52,84.2,1352408400000,1352467675128,CLZ2,593
100723,84.17,1352467675178,84.21,84.99,84.17,100,84.16,100,84.12,100,84.07,200,84.21,100,84.23,100,84.26,100,84.31,200,85.82,1,84.2,85.52,84.2,1352408400000,1352467675329,CLZ2,595
100723,84.18,1352467677951,84.22,84.99,84.18,100,84.17,100,84.13,100,84.08,200,84.22,100,84.24,100,84.27,100,84.32,200,85.82,1,84.2,85.52,84.2,1352408400000,1352467678087,CLZ2,610
100723,84.17,1352467683171,84.21,84.99,84.17,100,84.16,100,84.12,100,84.07,200,84.21,100,84.23,100,84.26,100,84.31,200,85.82,1,84.2,85.52,84.2,1352408400000,1352467683288,CLZ2,622
100723,84.18,1352467716385,84.23,84.99,84.18,100,84.17,100,84.13,100,84.08,200,84.23,100,84.25,100,84.28,100,84.33,200,85.82,1,84.2,85.52,84.2,1352408400000,1352467716491,CLZ2,715
100723,84.18,1352467716456,84.26,84.99,84.18,100,84.17,100,84.13,100,84.08,200,84.26,100,84.28,100,84.31,100,84.36,200,85.82,1,84.2,85.52,84.2,1352408400000,1352467716588,CLZ2,717
100723,84.2,1352467719536,84.24,84.99,84.2,100,84.19,100,84.15,100,84.1,200,84.24,100,84.26,100,84.29,100,84.34,200,85.82,1,84.2,85.52,84.2,1352408400000,1352467719716,CLZ2,735
100723,84.21,1352467720372,84.25,84.99,84.21,100,84.2,100,84.16,100,84.11,200,84.25,100,84.27,100,84.3,100,84.35,200,85.82,1,84.2,85.52,84.2,1352408400000,1352467720436,CLZ2,739
100723,84.22,1352467731233,84.26,84.99,84.22,100,84.21,100,84.17,100,84.12,200,84.26,100,84.28,100,84.31,100,84.36,200,85.82,1,84.2,85.52,84.2,1352408400000,1352467731490,CLZ2,752
100723,84.23,1352467733313,84.28,84.99,84.23,100,84.22,100,84.18,100,84.13,200,84.28,100,84.3,100,84.33,100,84.38,200,85.82,1,84.2,85.52,84.2,1352408400000,1352467733436,CLZ2,758
100723,84.24,1352467733539,84.28,84.99,84.24,100,84.23,100,84.19,100,84.14,200,84.28,100,84.3,100,84.33,100,84.38,200,85.82,1,84.2,85.52,84.2,1352408400000,1352467733630,CLZ2,760
100723,84.21,1352467733888,84.29,84.99,84.21,100,84.2,100,84.16,100,84.11,200,84.29,100,84.31,100,84.34,100,84.39,200,85.82,1,84.2,85.52,84.2,1352408400000,1352467734029,CLZ2,764
100723,84.23,1352467736969,84.27,84.99,84.23,100,84.22,100,84.18,100,84.13,200,84.27,100,84.29,100,84.32,100,84.37,200,85.82,1,84.2,85.52,84.2,1352408400000,1352467737027,CLZ2,782
100723,84.24,1352467737596,84.28,84.99,84.24,100,84.23,100,84.19,100,84.14,200,84.28,100,84.3,100,84.33,100,84.38,200,85.82,1,84.2,85.52,84.2,1352408400000,1352467737643,CLZ2,784
100723,84.25,1352467744322,84.29,84.99,84.25,100,84.24,100,84.2,100,84.15,200,84.29,100,84.31,100,84.34,100,84.39,200,85.82,1,84.2,85.52,84.2,1352408400000,1352467744393,CLZ2,790
100723,84.26,1352467744446,84.3,84.99,84.26,100,84.25,100,84.21,100,84.16,200,84.3,100,84.32,100,84.35,100,84.4,200,85.82,1,84.2,85.52,84.2,1352408400000,1352467744587,CLZ2,793
100723,84.25,1352467750567,84.29,84.99,84.25,100,84.24,100,84.2,100,84.15,200,84.29,100,84.31,100,84.34,100,84.39,200,85.82,1,84.2,85.52,84.2,1352408400000,1352467750687,CLZ2,816
100723,84.24,1352467752612,84.28,84.99,84.24,100,84.23,100,84.19,100,84.14,200,84.28,100,84.3,100,84.33,100,84.38,200,85.82,1,84.2,85.52,84.2,1352408400000,1352467752638,CLZ2,824
100723,84.23,1352467752825,84.27,84.99,84.23,100,84.22,100,84.18,100,84.13,200,84.27,100,84.29,100,84.32,100,84.37,200,85.82,1,84.2,85.52,84.2,1352408400000,1352467752828,CLZ2,825
100723,84.22,1352467764649,84.26,84.99,84.22,100,84.21,100,84.17,100,84.12,200,84.26,100,84.28,100,84.31,100,84.36,200,85.82,1,84.2,85.52,84.2,1352408400000,1352467764772,CLZ2,841
100723,84.23,1352467769669,84.27,84.99,84.23,100,84.22,100,84.18,100,84.13,200,84.27,100,84.29,100,84.32,100,84.37,200,85.82,1,84.2,85.52,84.2,1352408400000,1352467769788,CLZ2,849
100723,84.24,1352467777242,84.28,84.99,84.24,100,84.23,100,84.19,100,84.14,200,84.28,100,84.3,100,84.33,100,84.38,200,85.82,1,84.2,85.52,84.2,1352408400000,1352467777328,CLZ2,869
100723,84.25,1352467778026,84.29,84.99,84.25,100,84.24,100,84.2,100,84.15,200,84.29,100,84.31,100,84.34,100,84.39,200,85.82,1,84.2,85.52,84.2,1352408400000,1352467778090,CLZ2,873
100723,84.26,1352467778684,84.3,84.99,84.26,100,84.25,100,84.21,100,84.16,200,84.3,100,84.32,100,84.35,100,84.4,200,85.82,1,84.2,85.52,84.2,1352408400000,1352467778801,CLZ2,877
100723,84.25,1352467783189,84.29,84.99,84.25,100,84.24,100,84.2,100,84.15,200,84.29,100,84.31,100,84.34,100,84.39,200,85.82,1,84.2,85.52,84.2,1352408400000,1352467783290,CLZ2,900
100723,84.24,1352467783386,84.28,84.99,84.24,100,84.23,100,84.19,100,84.14,200,84.28,100,84.3,100,84.33,100,84.38,200,85.82,1,84.2,85.52,84.2,1352408400000,1352467783445,CLZ2,902
100723,84.22,1352467783705,84.3,84.99,84.22,100,84.21,100,84.17,100,84.12,200,84.3,100,84.32,100,84.35,100,84.4,200,85.82,1,84.2,85.52,84.2,1352408400000,1352467783817,CLZ2,903
100723,84.23,1352467784229,84.3,84.99,84.23,100,84.22,100,84.18,100,84.12,200,84.3,100,84.32,100,84.35,100,84.4,200,85.82,1,84.2,85.52,84.2,1352408400000,1352467784228,CLZ2,905
100723,84.23,1352467784231,84.3,84.99,84.23,100,84.22,100,84.18,100,84.13,200,84.3,100,84.32,100,84.35,100,84.4,200,85.82,1,84.2,85.52,84.2,1352408400000,1352467784330,CLZ2,906
100723,84.24,1352467786953,84.29,84.99,84.24,100,84.23,100,84.19,100,84.14,200,84.29,100,84.31,100,84.34,100,84.39,200,85.82,1,84.2,85.52,84.2,1352408400000,1352467787038,CLZ2,912
100723,84.25,1352467788729,84.29,84.99,84.25,100,84.24,100,84.2,100,84.15,200,84.29,100,84.31,100,84.34,100,84.39,200,85.82,1,84.2,85.52,84.2,1352408400000,1352467788791,CLZ2,922
100723,84.26,1352467789608,84.3,84.99,84.26,100,84.25,100,84.21,100,84.16,200,84.3,100,84.32,100,84.35,100,84.4,200,85.82,1,84.2,85.52,84.2,1352408400000,1352467789688,CLZ2,929
100723,84.27,1352467790217,84.31,84.99,84.27,100,84.26,100,84.22,100,84.17,200,84.31,100,84.33,100,84.36,100,84.41,200,85.82,1,84.2,85.52,84.2,1352408400000,1352467790371,CLZ2,931
100723,84.26,1352467795293,84.3,84.99,84.26,100,84.25,100,84.21,100,84.16,200,84.3,100,84.32,100,84.35,100,84.4,200,85.82,1,84.2,85.52,84.2,1352408400000,1352467795395,CLZ2,951
100723,84.25,1352467796483,84.29,84.99,84.25,100,84.24,100,84.2,100,84.15,200,84.29,100,84.31,100,84.34,100,84.39,200,85.82,1,84.2,85.52,84.2,1352408400000,1352467796531,CLZ2,958
100723,84.24,1352467796596,84.28,84.99,84.24,100,84.23,100,84.19,100,84.14,200,84.28,100,84.3,100,84.33,100,84.38,200,85.82,1,84.2,85.52,84.2,1352408400000,1352467796629,CLZ2,960
100723,84.25,1352467798270,84.29,84.99,84.25,100,84.24,100,84.2,100,84.15,200,84.29,100,84.31,100,84.34,100,84.39,200,85.82,1,84.2,85.52,84.2,1352408400000,1352467798389,CLZ2,975
100723,84.26,1352467802262,84.31,84.99,84.26,100,84.25,100,84.21,100,84.16,200,84.31,100,84.33,100,84.36,100,84.41,200,85.82,1,84.2,85.52,84.2,1352408400000,1352467802386,CLZ2,1001
100723,84.27,1352467802373,84.31,84.99,84.27,100,84.26,100,84.22,100,84.17,200,84.31,100,84.33,100,84.36,100,84.41,200,85.82,1,84.2,85.52,84.2,1352408400000,1352467802489,CLZ2,1003
100723,84.26,1352467806284,84.3,84.99,84.26,100,84.25,100,84.21,100,84.16,200,84.3,100,84.32,100,84.35,100,84.4,200,85.82,1,84.2,85.52,84.2,1352408400000,1352467806388,CLZ2,1012
100723,84.25,1352467806343,84.29,84.99,84.25,100,84.24,100,84.2,100,84.15,200,84.29,100,84.31,100,84.34,100,84.39,200,85.82,1,84.2,85.52,84.2,1352408400000,1352467806486,CLZ2,1014
100723,84.26,1352467811044,84.3,84.99,84.26,100,84.25,100,84.21,100,84.16,200,84.3,100,84.32,100,84.35,100,84.4,200,85.82,1,84.2,85.52,84.2,1352408400000,1352467811189,CLZ2,1028
100723,84.25,1352467814235,84.29,84.99,84.25,100,84.24,100,84.2,100,84.15,200,84.29,100,84.31,100,84.34,100,84.39,200,85.82,1,84.2,85.52,84.2,1352408400000,1352467814437,CLZ2,1041
100723,84.26,1352467816717,84.3,84.99,84.26,100,84.25,100,84.21,100,84.16,200,84.3,100,84.32,100,84.35,100,84.4,200,85.82,1,84.2,85.52,84.2,1352408400000,1352467816787,CLZ2,1055
100723,84.27,1352467816830,84.31,84.99,84.27,100,84.26,100,84.22,100,84.17,200,84.31,100,84.33,100,84.36,100,84.41,200,85.82,1,84.2,85.52,84.2,1352408400000,1352467816889,CLZ2,1057
100723,84.26,1352467820245,84.3,84.99,84.26,100,84.25,100,84.21,100,84.16,200,84.3,100,84.32,100,84.35,100,84.4,200,85.82,1,84.2,85.52,84.2,1352408400000,1352467820327,CLZ2,1073
100723,84.27,1352467824526,84.31,84.99,84.27,100,84.26,100,84.22,100,84.17,200,84.31,100,84.33,100,84.36,100,84.41,200,85.82,1,84.2,85.52,84.2,1352408400000,1352467824592,CLZ2,1102
100723,84.26,1352467824670,84.3,84.99,84.26,100,84.25,100,84.21,100,84.16,200,84.3,100,84.32,100,84.35,100,84.4,200,85.82,1,84.2,85.52,84.2,1352408400000,1352467824788,CLZ2,1105
100723,84.25,1352467825130,84.29,84.99,84.25,100,84.24,100,84.2,100,84.15,200,84.29,100,84.31,100,84.34,100,84.39,200,85.82,1,84.2,85.52,84.2,1352408400000,1352467825187,CLZ2,1110
100723,84.24,1352467825898,84.28,84.99,84.24,100,84.23,100,84.19,100,84.14,200,84.28,100,84.3,100,84.33,100,84.38,200,85.82,1,84.2,85.52,84.2,1352408400000,1352467825987,CLZ2,1117
100723,84.27,1352467826420,84.34,84.99,84.27,100,84.26,100,84.22,100,84.17,200,84.34,100,84.36,100,84.39,100,84.44,200,85.82,1,84.2,85.52,84.2,1352408400000,1352467826488,CLZ2,1123
100723,84.26,1352467826565,84.34,84.99,84.26,100,84.25,100,84.21,100,84.16,200,84.34,100,84.36,100,84.39,100,84.44,200,85.82,1,84.2,85.52,84.2,1352408400000,1352467826688,CLZ2,1126
100723,84.26,1352467826920,84.33,84.99,84.26,100,84.25,100,84.21,100,84.16,200,84.33,100,84.35,100,84.38,100,84.43,200,85.82,1,84.2,85.52,84.2,1352408400000,1352467826928,CLZ2,1128
100723,84.25,1352467827506,84.33,84.99,84.25,100,84.24,100,84.2,100,84.15,200,84.33,100,84.35,100,84.38,100,84.43,200,85.82,1,84.2,85.52,84.2,1352408400000,1352467827528,CLZ2,1134
100723,84.27,1352467830350,84.31,84.99,84.27,100,84.26,100,84.22,100,84.17,200,84.31,100,84.33,100,84.36,100,84.41,200,85.82,1,84.2,85.52,84.2,1352408400000,1352467830437,CLZ2,1157
100723,84.28,1352467840125,84.32,84.99,84.28,100,84.27,100,84.23,100,84.18,200,84.32,100,84.34,100,84.37,100,84.42,200,85.82,1,84.2,85.52,84.2,1352408400000,1352467840188,CLZ2,1223
100723,84.27,1352467845223,84.31,84.99,84.27,100,84.26,100,84.22,100,84.17,200,84.31,100,84.33,100,84.36,100,84.41,200,85.82,1,84.2,85.52,84.2,1352408400000,1352467845287,CLZ2,1264
100723,84.26,1352467847247,84.3,84.99,84.26,100,84.25,100,84.21,100,84.16,200,84.3,100,84.32,100,84.35,100,84.4,200,85.82,1,84.2,85.52,84.2,1352408400000,1352467847386,CLZ2,1285
100723,84.25,1352467847770,84.33,84.99,84.25,100,84.24,100,84.2,100,84.15,200,84.33,100,84.35,100,84.38,100,84.43,200,85.82,1,84.2,85.52,84.2,1352408400000,1352467847887,CLZ2,1290
100723,84.26,1352467851036,84.31,84.99,84.26,100,84.25,100,84.21,100,84.16,200,84.31,100,84.33,100,84.36,100,84.41,200,85.82,1,84.2,85.52,84.2,1352408400000,1352467851190,CLZ2,1315
100723,84.25,1352467852678,84.33,84.99,84.25,100,84.24,100,84.2,100,84.15,200,84.33,100,84.35,100,84.38,100,84.43,200,85.82,1,84.2,85.52,84.2,1352408400000,1352467852790,CLZ2,1327
100723,84.27,1352467852814,84.34,84.99,84.27,100,84.26,100,84.22,100,84.17,200,84.34,100,84.36,100,84.39,100,84.44,200,85.82,1,84.2,85.52,84.2,1352408400000,1352467852890,CLZ2,1329
100723,84.27,1352467853146,84.35,84.99,84.27,100,84.26,100,84.22,100,84.17,200,84.35,100,84.37,100,84.4,100,84.45,200,85.82,1,84.2,85.52,84.2,1352408400000,1352467853293,CLZ2,1334
100723,84.26,1352467855873,84.34,84.99,84.26,100,84.25,100,84.21,100,84.16,200,84.34,100,84.36,100,84.39,100,84.44,200,85.82,1,84.2,85.52,84.2,1352408400000,1352467855989,CLZ2,1362
100723,84.28,1352467856082,84.32,84.99,84.28,100,84.27,100,84.23,100,84.18,200,84.32,100,84.34,100,84.37,100,84.42,200,85.82,1,84.2,85.52,84.2,1352408400000,1352467856190,CLZ2,1365
100723,84.27,1352467857227,84.31,84.99,84.27,100,84.26,100,84.22,100,84.17,200,84.31,100,84.33,100,84.36,100,84.41,200,85.82,1,84.2,85.52,84.2,1352408400000,1352467857300,CLZ2,1377
100723,84.26,1352467857346,84.3,84.99,84.26,100,84.25,100,84.21,100,84.16,200,84.3,100,84.32,100,84.35,100,84.4,200,85.82,1,84.2,85.52,84.2,1352408400000,1352467857428,CLZ2,1379
100723,84.23,1352467857734,84.31,84.99,84.23,100,84.22,100,84.18,100,84.13,200,84.31,100,84.33,100,84.36,100,84.41,200,85.82,1,84.2,85.52,84.2,1352408400000,1352467857927,CLZ2,1384
100723,84.22,1352467858704,84.3,84.99,84.22,100,84.21,100,84.17,100,84.12,200,84.3,100,84.32,100,84.35,100,84.4,200,85.82,1,84.2,85.52,84.2,1352408400000,1352467858731,CLZ2,1394
100723,84.23,1352467860138,84.31,84.99,84.23,100,84.22,100,84.18,100,84.13,200,84.31,100,84.33,100,84.36,100,84.41,200,85.82,1,84.2,85.52,84.2,1352408400000,1352467860289,CLZ2,1406
100723,84.23,1352467860650,84.3,84.99,84.23,100,84.22,100,84.18,100,84.13,200,84.3,100,84.32,100,84.35,100,84.4,200,85.82,1,84.2,85.52,84.2,1352408400000,1352467860790,CLZ2,1411
100723,84.24,1352467861224,84.29,84.99,84.24,100,84.23,100,84.19,100,84.14,200,84.29,100,84.31,100,84.34,100,84.39,200,85.82,1,84.2,85.52,84.2,1352408400000,1352467861290,CLZ2,1414
100723,84.24,1352467861636,84.28,84.99,84.24,100,84.23,100,84.19,100,84.14,200,84.28,100,84.3,100,84.33,100,84.38,200,85.82,1,84.2,85.52,84.2,1352408400000,1352467861789,CLZ2,1419
100723,84.25,1352467868773,84.29,84.99,84.25,100,84.24,100,84.2,100,84.15,200,84.29,100,84.31,100,84.34,100,84.39,200,85.82,1,84.2,85.52,84.2,1352408400000,1352467868890,CLZ2,1462
100723,84.27,1352467876580,84.31,84.99,84.27,100,84.26,100,84.22,100,84.17,200,84.31,100,84.33,100,84.36,100,84.41,200,85.82,1,84.2,85.52,84.2,1352408400000,1352467876688,CLZ2,1509
100723,84.28,1352467880027,84.32,84.99,84.28,100,84.27,100,84.23,100,84.18,200,84.32,100,84.34,100,84.37,100,84.42,200,85.82,1,84.2,85.52,84.2,1352408400000,1352467880091,CLZ2,1516
100723,84.29,1352467882016,84.34,84.99,84.29,100,84.28,100,84.24,100,84.19,200,84.34,100,84.36,100,84.39,100,84.44,200,85.82,1,84.2,85.52,84.2,1352408400000,1352467882029,CLZ2,1526
100723,84.28,1352467882159,84.33,84.99,84.28,100,84.27,100,84.23,100,84.18,200,84.33,100,84.35,100,84.38,100,84.43,200,85.82,1,84.2,85.52,84.2,1352408400000,1352467882289,CLZ2,1528
100723,84.28,1352467882706,84.35,84.99,84.28,100,84.27,100,84.23,100,84.18,200,84.35,100,84.37,100,84.4,100,84.45,200,85.82,1,84.2,85.52,84.2,1352408400000,1352467882729,CLZ2,1531
100723,84.28,1352467883504,84.36,84.99,84.28,100,84.27,100,84.23,100,84.18,200,84.36,100,84.38,100,84.41,100,84.46,200,85.82,1,84.2,85.52,84.2,1352408400000,1352467883528,CLZ2,1537
100723,84.29,1352467884098,84.37,84.99,84.29,100,84.28,100,84.24,100,84.19,200,84.37,100,84.39,100,84.42,100,84.47,200,85.82,1,84.2,85.52,84.2,1352408400000,1352467884128,CLZ2,1543
100723,84.29,1352467884631,84.36,84.99,84.29,100,84.28,100,84.24,100,84.19,200,84.36,100,84.38,100,84.41,100,84.46,200,85.82,1,84.2,85.52,84.2,1352408400000,1352467884689,CLZ2,1548
100723,84.29,1352467885008,84.37,84.99,84.29,100,84.28,100,84.24,100,84.19,200,84.37,100,84.39,100,84.42,100,84.47,200,85.82,1,84.2,85.52,84.2,1352408400000,1352467885089,CLZ2,1552
100723,84.3,1352467885157,84.37,84.99,84.3,100,84.29,100,84.25,100,84.2,200,84.37,100,84.39,100,84.42,100,84.47,200,85.82,1,84.2,85.52,84.2,1352408400000,1352467885228,CLZ2,1554
100723,84.29,1352467886057,84.36,84.99,84.29,100,84.28,100,84.24,100,84.19,200,84.36,100,84.38,100,84.41,100,84.46,200,85.82,1,84.2,85.52,84.2,1352408400000,1352467886190,CLZ2,1563
100723,84.28,1352467886777,84.36,84.99,84.28,100,84.27,100,84.23,100,84.18,200,84.36,100,84.38,100,84.41,100,84.46,200,85.82,1,84.2,85.52,84.2,1352408400000,1352467886828,CLZ2,1569
100723,84.3,1352467888108,84.34,84.99,84.3,100,84.29,100,84.25,100,84.2,200,84.34,100,84.36,100,84.39,100,84.44,200,85.82,1,84.2,85.52,84.2,1352408400000,1352467888271,CLZ2,1574
100723,84.31,1352467888612,84.35,84.99,84.31,100,84.3,100,84.26,100,84.21,200,84.35,100,84.37,100,84.4,100,84.45,200,85.82,1,84.2,85.52,84.2,1352408400000,1352467888628,CLZ2,1577
100723,84.3,1352467891149,84.34,84.99,84.3,100,84.29,100,84.25,100,84.2,200,84.34,100,84.36,100,84.39,100,84.44,200,85.82,1,84.2,85.52,84.2,1352408400000,1352467891288,CLZ2,1594
100723,84.29,1352467891234,84.33,84.99,84.29,100,84.28,100,84.24,100,84.19,200,84.33,100,84.35,100,84.38,100,84.43,200,85.82,1,84.2,85.52,84.2,1352408400000,1352467891389,CLZ2,1596
100723,84.3,1352467908030,84.34,84.99,84.3,100,84.29,100,84.25,100,84.2,200,84.34,100,84.36,100,84.39,100,84.44,200,85.82,1,84.2,85.52,84.2,1352408400000,1352467908029,CLZ2,1694
100723,84.29,1352467910006,84.33,84.99,84.29,100,84.28,100,84.24,100,84.19,200,84.33,100,84.35,100,84.38,100,84.43,200,85.82,1,84.2,85.52,84.2,1352408400000,1352467910089,CLZ2,1712
100723,84.3,1352467912923,84.35,84.99,84.3,100,84.29,100,84.25,100,84.2,200,84.35,100,84.37,100,84.4,100,84.45,200,85.82,1,84.2,85.52,84.2,1352408400000,1352467912989,CLZ2,1733
100723,84.29,1352467917512,84.34,84.99,84.29,100,84.28,100,84.24,100,84.19,200,84.34,100,84.36,100,84.39,100,84.44,200,85.82,1,84.2,85.52,84.2,1352408400000,1352467917660,CLZ2,1761
100723,84.29,1352467918839,84.33,84.99,84.29,100,84.28,100,84.24,100,84.19,200,84.33,100,84.35,100,84.38,100,84.43,200,85.82,1,84.2,85.52,84.2,1352408400000,1352467918991,CLZ2,1768
100723,84.3,1352467920094,84.35,84.99,84.3,100,84.29,100,84.25,100,84.2,200,84.35,100,84.37,100,84.4,100,84.45,200,85.82,1,84.2,85.52,84.2,1352408400000,1352467920189,CLZ2,1772
100723,84.29,1352467921236,84.34,84.99,84.29,100,84.28,100,84.24,100,84.19,200,84.34,100,84.36,100,84.39,100,84.44,200,85.82,1,84.2,85.52,84.2,1352408400000,1352467921389,CLZ2,1782
100723,84.29,1352467921358,84.33,84.99,84.29,100,84.28,100,84.24,100,84.19,200,84.33,100,84.35,100,84.38,100,84.43,200,85.82,1,84.2,85.52,84.2,1352408400000,1352467921491,CLZ2,1784
100723,84.3,1352467922010,84.35,84.99,84.3,100,84.29,100,84.25,100,84.2,200,84.35,100,84.37,100,84.4,100,84.45,200,85.82,1,84.2,85.52,84.2,1352408400000,1352467922088,CLZ2,1791
100723,84.29,1352467923955,84.34,84.99,84.29,100,84.28,100,84.24,100,84.19,200,84.34,100,84.36,100,84.39,100,84.44,200,85.82,1,84.2,85.52,84.2,1352408400000,1352467924092,CLZ2,1802
100723,84.3,1352467926151,84.35,84.99,84.3,100,84.29,100,84.25,100,84.2,200,84.35,100,84.37,100,84.4,100,84.45,200,85.82,1,84.2,85.52,84.2,1352408400000,1352467926289,CLZ2,1816
100723,84.31,1352467926451,84.35,84.99,84.31,100,84.3,100,84.26,100,84.21,200,84.35,100,84.37,100,84.4,100,84.45,200,85.82,1,84.2,85.52,84.2,1352408400000,1352467926637,CLZ2,1820
100723,84.3,1352467936853,84.34,84.99,84.3,100,84.29,100,84.25,100,84.2,200,84.34,100,84.36,100,84.39,100,84.44,200,85.82,1,84.2,85.52,84.2,1352408400000,1352467937013,CLZ2,1865
100723,84.29,1352467958390,84.33,84.99,84.29,100,84.28,100,84.24,100,84.19,200,84.33,100,84.35,100,84.38,100,84.43,200,85.82,1,84.2,85.52,84.2,1352408400000,1352467958487,CLZ2,1942
100723,84.28,1352467966953,84.32,84.99,84.28,100,84.27,100,84.23,100,84.18,200,84.32,100,84.34,100,84.37,100,84.42,200,85.82,1,84.2,85.52,84.2,1352408400000,1352467967087,CLZ2,1974
100723,84.27,1352467967066,84.31,84.99,84.27,100,84.26,100,84.22,100,84.17,200,84.31,100,84.33,100,84.36,100,84.41,200,85.82,1,84.2,85.52,84.2,1352408400000,1352467967199,CLZ2,1976
100723,84.26,1352467967744,84.3,84.99,84.26,100,84.25,100,84.21,100,84.16,200,84.3,100,84.32,100,84.35,100,84.4,200,85.82,1,84.2,85.52,84.2,1352408400000,1352467967934,CLZ2,1979
100723,84.25,1352467972215,84.29,84.99,84.25,100,84.24,100,84.2,100,84.15,200,84.29,100,84.31,100,84.34,100,84.39,200,85.82,1,84.2,85.52,84.2,1352408400000,1352467972295,CLZ2,2004
100723,84.24,1352467982930,84.28,84.99,84.24,100,84.23,100,84.19,100,84.14,200,84.28,100,84.3,100,84.33,100,84.38,200,85.82,1,84.2,85.52,84.2,1352408400000,1352467982931,CLZ2,2045
100723,84.25,1352467983878,84.29,84.99,84.25,100,84.24,100,84.2,100,84.15,200,84.29,100,84.31,100,84.34,100,84.39,200,85.82,1,84.2,85.52,84.2,1352408400000,1352467983988,CLZ2,2054
100723,84.24,1352467993747,84.28,84.99,84.24,100,84.23,100,84.19,100,84.14,200,84.28,100,84.3,100,84.33,100,84.38,200,85.82,1,84.2,85.52,84.2,1352408400000,1352467993829,CLZ2,2111
100723,84.23,1352468000808,84.27,84.99,84.23,100,84.22,100,84.18,100,84.13,200,84.27,100,84.29,100,84.32,100,84.37,200,85.82,1,84.2,85.52,84.2,1352408400000,1352468000828,CLZ2,2155
100723,84.24,1352468005943,84.28,84.99,84.24,100,84.23,100,84.19,100,84.14,200,84.28,100,84.3,100,84.33,100,84.38,200,85.82,1,84.2,85.52,84.2,1352408400000,1352468006028,CLZ2,2174
100723,84.25,1352468006419,84.29,84.99,84.25,100,84.24,100,84.2,100,84.15,200,84.29,100,84.31,100,84.34,100,84.39,200,85.82,1,84.2,85.52,84.2,1352408400000,1352468006488,CLZ2,2178
100723,84.25,1352468016238,84.32,84.99,84.25,100,84.24,100,84.2,100,84.15,200,84.32,100,84.34,100,84.37,100,84.42,200,85.82,1,84.2,85.52,84.2,1352408400000,1352468016290,CLZ2,2239
100723,84.25,1352468016462,84.33,84.99,84.25,100,84.24,100,84.2,100,84.15,200,84.33,100,84.35,100,84.38,100,84.43,200,85.82,1,84.2,85.52,84.2,1352408400000,1352468016537,CLZ2,2242
100723,84.24,1352468016793,84.33,84.99,84.24,100,84.23,100,84.19,100,84.14,200,84.33,100,84.35,100,84.38,100,84.43,200,85.82,1,84.2,85.52,84.2,1352408400000,1352468016888,CLZ2,2245
100723,84.24,1352468017022,84.32,84.99,84.24,100,84.23,100,84.19,100,84.14,200,84.32,100,84.34,100,84.37,100,84.42,200,85.82,1,84.2,85.52,84.2,1352408400000,1352468017093,CLZ2,2248
100723,84.26,1352468020439,84.3,84.99,84.26,100,84.25,100,84.21,100,84.16,200,84.3,100,84.32,100,84.35,100,84.4,200,85.82,1,84.2,85.52,84.2,1352408400000,1352468020487,CLZ2,2276
100723,84.26,1352468021492,84.3,84.99,84.26,100,84.25,100,84.21,100,84.16,200,84.3,80,84.32,100,84.35,100,84.4,200,85.82,1,84.3,85.52,84.2,1352408400000,1352468021589,CLZ2,2286
100723,84.26,1352468021612,84.3,84.99,84.26,100,84.25,100,84.21,100,84.16,200,84.3,80,84.32,100,84.35,100,84.4,200,85.82,1,84.3,85.52,84.2,1352408400000,1352468021689,CLZ2,2288
100723,84.26,1352468023132,84.3,84.99,84.26,100,84.25,100,84.21,100,84.16,200,84.3,60,84.32,100,84.35,100,84.4,200,85.82,1,84.3,85.52,84.2,1352408400000,1352468023228,CLZ2,2301
100723,84.26,1352468023328,84.3,84.99,84.26,100,84.25,100,84.21,100,84.16,200,84.3,85,84.32,100,84.35,100,84.4,200,85.82,1,84.3,85.52,84.2,1352408400000,1352468023328,CLZ2,2302
100723,84.27,1352468027850,84.31,84.99,84.27,100,84.26,100,84.22,100,84.17,200,84.31,85,84.33,100,84.36,100,84.41,200,85.82,1,84.3,85.52,84.2,1352408400000,1352468027988,CLZ2,2323
100723,84.27,1352468033280,84.31,84.99,84.27,100,84.26,100,84.22,100,84.17,200,84.31,100,84.33,100,84.36,100,84.41,200,85.82,1,84.3,85.52,84.2,1352408400000,1352468033328,CLZ2,2350
100723,84.26,1352468037923,84.3,84.99,84.26,100,84.25,100,84.21,100,84.16,200,84.3,100,84.32,100,84.35,100,84.4,200,85.82,1,84.3,85.52,84.2,1352408400000,1352468038004,CLZ2,2366
100723,84.27,1352468039508,84.32,84.99,84.27,100,84.26,100,84.22,100,84.17,200,84.32,100,84.34,100,84.37,100,84.42,200,85.82,1,84.3,85.52,84.2,1352408400000,1352468039539,CLZ2,2375
100723,84.26,1352468039565,84.34,84.99,84.26,100,84.25,100,84.21,100,84.16,200,84.34,100,84.36,100,84.39,100,84.44,200,85.82,1,84.3,85.52,84.2,1352408400000,1352468039637,CLZ2,2376
100723,84.26,1352468040141,84.33,84.99,84.26,100,84.25,100,84.21,100,84.16,200,84.33,100,84.35,100,84.38,100,84.43,200,85.82,1,84.3,85.52,84.2,1352408400000,1352468040287,CLZ2,2380
100723,84.26,1352468042184,84.34,84.99,84.26,100,84.25,100,84.21,100,84.16,200,84.34,100,84.36,100,84.39,100,84.44,200,85.82,1,84.3,85.52,84.2,1352408400000,1352468042291,CLZ2,2392
100723,84.26,1352468042437,84.34,84.99,84.26,100,84.25,100,84.21,100,84.16,200,84.34,80,84.36,100,84.39,100,84.44,200,85.82,1,84.34,85.52,84.2,1352408400000,1352468042486,CLZ2,2394
100723,84.26,1352468042457,84.34,84.99,84.26,100,84.25,100,84.21,100,84.16,200,84.34,80,84.36,100,84.39,100,84.44,200,85.82,1,84.34,85.52,84.2,1352408400000,1352468042593,CLZ2,2395
100723,84.26,1352468042975,84.33,84.99,84.26,100,84.25,100,84.21,100,84.16,200,84.33,80,84.35,100,84.38,100,84.43,200,85.82,1,84.34,85.52,84.2,1352408400000,1352468043102,CLZ2,2398
100723,84.25,1352468043908,84.33,84.99,84.25,100,84.24,100,84.2,100,84.15,200,84.33,100,84.35,100,84.38,100,84.43,200,85.82,1,84.34,85.52,84.2,1352408400000,1352468043991,CLZ2,2403
100723,84.24,1352468044038,84.32,84.99,84.24,100,84.23,100,84.19,100,84.14,200,84.32,100,84.34,100,84.37,100,84.42,200,85.82,1,84.34,85.52,84.2,1352408400000,1352468044088,CLZ2,2405
100723,84.26,1352468046039,84.3,84.99,84.26,100,84.25,100,84.21,100,84.16,200,84.3,100,84.32,100,84.35,100,84.42,200,85.82,1,84.34,85.52,84.2,1352408400000,1352468052134,CLZ2,2414
100723,84.26,1352468046039,84.3,84.99,84.26,100,84.25,100,84.21,100,84.16,200,84.3,100,84.32,100,84.35,100,84.4,200,85.82,1,84.34,85.52,84.2,1352408400000,1352468052136,CLZ2,2416
100723,84.25,1352468047203,84.29,84.99,84.25,100,84.24,100,84.2,100,84.15,200,84.29,100,84.31,100,84.34,100,84.39,200,85.82,1,84.34,85.52,84.2,1352408400000,1352468052159,CLZ2,2422
100723,84.24,1352468048776,84.28,84.99,84.24,100,84.23,100,84.19,100,84.14,200,84.28,100,84.3,100,84.33,100,84.38,200,85.82,1,84.34,85.52,84.2,1352408400000,1352468052198,CLZ2,2432
100723,84.25,1352468053607,84.29,84.99,84.25,100,84.24,100,84.2,100,84.15,200,84.29,100,84.31,100,84.34,100,84.39,200,85.82,1,84.34,85.52,84.2,1352408400000,1352468053687,CLZ2,2460
100723,84.24,1352468060263,84.28,84.99,84.24,100,84.23,100,84.19,100,84.14,200,84.28,100,84.3,100,84.33,100,84.38,200,85.82,1,84.34,85.52,84.2,1352408400000,1352468060406,CLZ2,2485
100723,84.23,1352468063235,84.27,84.99,84.23,100,84.22,100,84.18,100,84.13,200,84.27,100,84.29,100,84.32,100,84.37,200,85.82,1,84.34,85.52,84.2,1352408400000,1352468063273,CLZ2,2491
100723,84.22,1352468065930,84.27,84.99,84.22,100,84.21,100,84.17,100,84.13,200,84.27,100,84.29,100,84.32,100,84.37,200,85.82,1,84.34,85.52,84.2,1352408400000,1352468066034,CLZ2,2499
100723,84.22,1352468065932,84.26,84.99,84.22,100,84.21,100,84.17,100,84.12,200,84.26,100,84.28,100,84.31,100,84.36,200,85.82,1,84.34,85.52,84.2,1352408400000,1352468066039,CLZ2,2500
100723,84.21,1352468067631,84.25,84.99,84.21,100,84.2,100,84.16,100,84.11,200,84.25,100,84.27,100,84.3,100,84.35,200,85.82,1,84.34,85.52,84.2,1352408400000,1352468067688,CLZ2,2508
100723,84.2,1352468067827,84.24,84.99,84.2,100,84.19,100,84.15,100,84.1,200,84.24,100,84.26,100,84.29,100,84.34,200,85.82,1,84.34,85.52,84.2,1352408400000,1352468067891,CLZ2,2511
100723,84.19,1352468069618,84.23,84.99,84.19,100,84.18,100,84.14,100,84.09,200,84.23,100,84.26,100,84.29,100,84.34,200,85.82,1,84.34,85.52,84.2,1352408400000,1352468069690,CLZ2,2518
100723,84.19,1352468069626,84.23,84.99,84.19,100,84.18,100,84.14,100,84.09,200,84.23,100,84.25,100,84.28,100,84.33,200,85.82,1,84.34,85.52,84.2,1352408400000,1352468069795,CLZ2,2520
100723,84.2,1352468071103,84.25,84.99,84.2,100,84.19,100,84.15,100,84.1,200,84.25,100,84.27,100,84.3,100,84.35,200,85.82,1,84.34,85.52,84.2,1352408400000,1352468071189,CLZ2,2531
100723,84.21,1352468071227,84.25,84.99,84.21,100,84.2,100,84.16,100,84.11,200,84.25,100,84.27,100,84.3,100,84.35,200,85.82,1,84.34,85.52,84.2,1352408400000,1352468071291,CLZ2,2533
100723,84.2,1352468074203,84.24,84.99,84.2,100,84.19,100,84.15,100,84.1,200,84.24,100,84.26,100,84.29,100,84.34,200,85.82,1,84.34,85.52,84.2,1352408400000,1352468074290,CLZ2,2555
100723,84.19,1352468076327,84.23,84.99,84.19,100,84.18,100,84.14,100,84.09,200,84.23,100,84.25,100,84.28,100,84.33,200,85.82,1,84.34,85.52,84.2,1352408400000,1352468076483,CLZ2,2563
100723,84.18,1352468082341,84.22,84.99,84.18,100,84.17,100,84.13,100,84.08,200,84.22,100,84.24,100,84.27,100,84.32,200,85.82,1,84.34,85.52,84.2,1352408400000,1352468082338,CLZ2,2581
100723,84.17,1352468091846,84.21,84.99,84.17,100,84.16,100,84.12,100,84.07,200,84.21,100,84.23,100,84.26,100,84.31,200,85.82,1,84.34,85.52,84.2,1352408400000,1352468091987,CLZ2,2621
100723,84.18,1352468093120,84.25,84.99,84.18,100,84.17,100,84.13,100,84.08,200,84.25,100,84.27,100,84.3,100,84.35,200,85.82,1,84.34,85.52,84.2,1352408400000,1352468093191,CLZ2,2627
100723,84.18,1352468093201,84.26,84.99,84.18,100,84.17,100,84.13,100,84.08,200,84.26,100,84.28,100,84.31,100,84.36,200,85.82,1,84.34,85.52,84.2,1352408400000,1352468093290,CLZ2,2629
100723,84.17,1352468093638,84.26,84.99,84.17,100,84.16,100,84.12,100,84.07,200,84.26,100,84.28,100,84.31,100,84.36,200,85.82,1,84.34,85.52,84.2,1352408400000,1352468093690,CLZ2,2633
100723,84.17,1352468093737,84.25,84.99,84.17,100,84.16,100,84.12,100,84.07,200,84.25,100,84.27,100,84.3,100,84.35,200,85.82,1,84.34,85.52,84.2,1352408400000,1352468093891,CLZ2,2636
100723,84.18,1352468096986,84.22,84.99,84.18,100,84.17,100,84.13,100,84.08,200,84.22,100,84.24,100,84.27,100,84.32,200,85.82,1,84.34,85.52,84.2,1352408400000,1352468097089,CLZ2,2646
100723,84.19,1352468100471,84.23,84.99,84.19,100,84.18,100,84.14,100,84.09,200,84.23,100,84.25,100,84.28,100,84.33,200,85.82,1,84.34,85.52,84.2,1352408400000,1352468100649,CLZ2,2655
100723,84.18,1352468101020,84.23,84.99,84.18,100,84.17,100,84.13,100,84.08,200,84.23,100,84.25,100,84.28,100,84.33,200,85.82,1,84.34,85.52,84.2,1352408400000,1352468101037,CLZ2,2656
100723,84.16,1352468101447,84.25,84.99,84.16,100,84.15,100,84.11,100,84.06,200,84.25,100,84.27,100,84.3,100,84.35,200,85.82,1,84.34,85.52,84.2,1352408400000,1352468101673,CLZ2,2658
100723,84.17,1352468102052,84.25,84.99,84.17,100,84.16,100,84.12,100,84.07,200,84.25,100,84.27,100,84.3,100,84.35,200,85.82,1,84.34,85.52,84.2,1352408400000,1352468102138,CLZ2,2661
100723,84.18,1352468102762,84.26,84.99,84.18,100,84.17,100,84.13,100,84.08,200,84.26,100,84.28,100,84.31,100,84.36,200,85.82,1,84.34,85.52,84.2,1352408400000,1352468102887,CLZ2,2664
100723,84.19,1352468103337,84.27,84.99,84.19,100,84.18,100,84.14,100,84.09,200,84.27,100,84.29,100,84.32,100,84.37,200,85.82,1,84.34,85.52,84.2,1352408400000,1352468103355,CLZ2,2666
100723,84.21,1352468104917,84.25,84.99,84.21,100,84.2,100,84.16,100,84.11,200,84.25,100,84.27,100,84.3,100,84.35,200,85.82,1,84.34,85.52,84.2,1352408400000,1352468104928,CLZ2,2673
100723,84.22,1352468112387,84.26,84.99,84.22,100,84.21,100,84.17,100,84.12,200,84.26,100,84.28,100,84.31,100,84.36,200,85.82,1,84.34,85.52,84.2,1352408400000,1352468112487,CLZ2,2693
100723,84.21,1352468114459,84.25,84.99,84.21,100,84.2,100,84.16,100,84.11,200,84.25,100,84.27,100,84.3,100,84.35,200,85.82,1,84.34,85.52,84.2,1352408400000,1352468114588,CLZ2,2697
100723,84.2,1352468127196,84.24,84.99,84.2,100,84.19,100,84.15,100,84.1,200,84.24,100,84.26,100,84.29,100,84.34,200,85.82,1,84.34,85.52,84.2,1352408400000,1352468127632,CLZ2,2733
100723,84.22,1352468131333,84.26,84.99,84.22,100,84.21,100,84.17,100,84.12,200,84.26,100,84.28,100,84.31,100,84.36,200,85.82,1,84.34,85.52,84.2,1352408400000,1352468131529,CLZ2,2745
100723,84.23,1352468132201,84.28,84.99,84.23,100,84.22,100,84.18,100,84.13,200,84.28,100,84.3,100,84.33,100,84.38,200,85.82,1,84.34,85.52,84.2,1352408400000,1352468132479,CLZ2,2748
100723,84.22,1352468135308,84.27,84.99,84.22,100,84.21,100,84.17,100,84.12,200,84.27,100,84.29,100,84.32,100,84.37,200,85.82,1,84.34,85.52,84.2,1352408400000,1352468135515,CLZ2,2755
100723,84.22,1352468135729,84.26,84.99,84.22,100,84.21,100,84.17,100,84.12,200,84.26,100,84.28,100,84.31,100,84.36,200,85.82,1,84.34,85.52,84.2,1352408400000,1352468136209,CLZ2,2760
100723,84.21,1352468139498,84.25,84.99,84.21,100,84.2,100,84.16,100,84.11,200,84.25,100,84.27,100,84.3,100,84.35,200,85.82,1,84.34,85.52,84.2,1352408400000,1352468139576,CLZ2,2769
100723,84.2,1352468139583,84.24,84.99,84.2,100,84.19,100,84.15,100,84.1,200,84.24,100,84.26,100,84.29,100,84.34,200,85.82,1,84.34,85.52,84.2,1352408400000,1352468139724,CLZ2,2770
100723,84.21,1352468145978,84.25,84.99,84.21,100,84.2,100,84.16,100,84.11,200,84.25,100,84.27,100,84.3,100,84.35,200,85.82,1,84.34,85.52,84.2,1352408400000,1352468146836,CLZ2,2791
100723,84.22,1352468147060,84.26,84.99,84.22,100,84.21,100,84.17,100,84.12,200,84.26,100,84.28,100,84.31,100,84.36,200,85.82,1,84.34,85.52,84.2,1352408400000,1352468147377,CLZ2,2797
100723,84.23,1352468158598,84.27,84.99,84.23,100,84.22,100,84.18,100,84.13,200,84.27,100,84.29,100,84.32,100,84.37,200,85.82,1,84.34,85.52,84.2,1352408400000,1352468158636,CLZ2,2834
100723,84.24,1352468158716,84.28,84.99,84.24,100,84.23,100,84.19,100,84.14,200,84.28,100,84.3,100,84.33,100,84.38,200,85.82,1,84.34,85.52,84.2,1352408400000,1352468158838,CLZ2,2836
100723,84.23,1352468158934,84.31,84.99,84.23,100,84.22,100,84.18,100,84.13,200,84.31,100,84.33,100,84.36,100,84.41,200,85.82,1,84.34,85.52,84.2,1352408400000,1352468158937,CLZ2,2837
100723,84.25,1352468162177,84.29,84.99,84.25,100,84.24,100,84.2,100,84.15,200,84.29,100,84.31,100,84.34,100,84.39,200,85.82,1,84.34,85.52,84.2,1352408400000,1352468162238,CLZ2,2856
100723,84.26,1352468171157,84.3,84.99,84.26,100,84.25,100,84.21,100,84.16,200,84.3,100,84.32,100,84.35,100,84.4,200,85.82,1,84.34,85.52,84.2,1352408400000,1352468171305,CLZ2,2895
100723,84.27,1352468175497,84.31,84.99,84.27,100,84.26,100,84.22,100,84.17,200,84.31,100,84.33,100,84.36,100,84.41,200,85.82,1,84.34,85.52,84.2,1352408400000,1352468175608,CLZ2,2907
100723,84.26,1352468187251,84.3,84.99,84.26,100,84.25,100,84.21,100,84.16,200,84.3,100,84.32,100,84.35,100,84.4,200,85.82,1,84.34,85.52,84.2,1352408400000,1352468187327,CLZ2,2955
100723,84.25,1352468187626,84.29,84.99,84.25,100,84.24,100,84.2,100,84.15,200,84.29,100,84.31,100,84.34,100,84.39,200,85.82,1,84.34,85.52,84.2,1352408400000,1352468187627,CLZ2,2957
100723,84.26,1352468189589,84.3,84.99,84.26,100,84.25,100,84.21,100,84.16,200,84.3,100,84.32,100,84.35,100,84.4,200,85.82,1,84.34,85.52,84.2,1352408400000,1352468189688,CLZ2,2970
100723,84.25,1352468191771,84.29,84.99,84.25,100,84.24,100,84.2,100,84.15,200,84.29,100,84.31,100,84.34,100,84.39,200,85.82,1,84.34,85.52,84.2,1352408400000,1352468191827,CLZ2,2977
100723,84.24,1352468194912,84.28,84.99,84.24,100,84.23,100,84.19,100,84.14,200,84.28,100,84.3,100,84.33,100,84.38,200,85.82,1,84.34,85.52,84.2,1352408400000,1352468194990,CLZ2,2986
100723,84.25,1352468199627,84.3,84.99,84.25,100,84.24,100,84.2,100,84.15,200,84.3,100,84.32,100,84.35,100,84.4,200,85.82,1,84.34,85.52,84.2,1352408400000,1352468199671,CLZ2,2996
100723,84.26,1352468202416,84.3,84.99,84.26,100,84.25,100,84.21,100,84.16,200,84.3,100,84.32,100,84.35,100,84.4,200,85.82,1,84.34,85.52,84.2,1352408400000,1352468202487,CLZ2,3007
100723,84.25,1352468207377,84.29,84.99,84.25,100,84.24,100,84.2,100,84.15,200,84.29,100,84.31,100,84.34,100,84.39,200,85.82,1,84.34,85.52,84.2,1352408400000,1352468207489,CLZ2,3019
100723,84.26,1352468215139,84.3,84.99,84.26,100,84.25,100,84.21,100,84.16,200,84.3,100,84.32,100,84.35,100,84.4,200,85.82,1,84.34,85.52,84.2,1352408400000,1352468215290,CLZ2,3053
100723,84.24,1352468222367,84.29,84.99,84.24,100,84.23,100,84.19,100,84.14,200,84.29,100,84.31,100,84.34,100,84.39,200,85.82,1,84.34,85.52,84.2,1352408400000,1352468222506,CLZ2,3093
100723,84.25,1352468225018,84.3,84.99,84.25,100,84.24,100,84.2,100,84.15,200,84.3,100,84.32,100,84.35,100,84.4,200,85.82,1,84.34,85.52,84.2,1352408400000,1352468225588,CLZ2,3101
100723,84.26,1352468225674,84.31,84.99,84.26,100,84.25,100,84.21,100,84.16,200,84.31,100,84.33,100,84.36,100,84.41,200,85.82,1,84.34,85.52,84.2,1352408400000,1352468226095,CLZ2,3102
100723,84.25,1352468230572,84.3,84.99,84.25,100,84.24,100,84.2,100,84.15,200,84.3,100,84.32,100,84.35,100,84.4,200,85.82,1,84.34,85.52,84.2,1352408400000,1352468230628,CLZ2,3109
100723,84.28,1352468232744,84.32,84.99,84.28,100,84.27,100,84.23,100,84.18,200,84.32,100,84.34,100,84.37,100,84.42,200,85.82,1,84.34,85.52,84.2,1352408400000,1352468232888,CLZ2,3124
100723,84.29,1352468235420,84.33,84.99,84.29,100,84.28,100,84.24,100,84.19,200,84.33,100,84.35,100,84.38,100,84.43,200,85.82,1,84.34,85.52,84.2,1352408400000,1352468235613,CLZ2,3129
100723,84.3,1352468253876,84.34,84.99,84.3,100,84.29,100,84.25,100,84.2,200,84.34,100,84.36,100,84.39,100,84.44,200,85.82,1,84.34,85.52,84.2,1352408400000,1352468253988,CLZ2,3205
100723,84.32,1352468255524,84.37,84.99,84.32,100,84.31,100,84.27,100,84.22,200,84.37,100,84.39,100,84.42,100,84.47,200,85.82,1,84.34,85.52,84.2,1352408400000,1352468255582,CLZ2,3214
100723,84.3,1352468255539,84.37,84.99,84.3,100,84.29,100,84.25,100,84.2,200,84.37,100,84.39,100,84.42,100,84.47,200,85.82,1,84.34,85.52,84.2,1352408400000,1352468255629,CLZ2,3215
100723,84.3,1352468255670,84.38,84.99,84.3,100,84.29,100,84.25,100,84.2,200,84.38,100,84.4,100,84.43,100,84.48,200,85.82,1,84.34,85.52,84.2,1352408400000,1352468255729,CLZ2,3216
100723,84.31,1352468256051,84.38,84.99,84.31,100,84.3,100,84.26,100,84.21,200,84.38,100,84.4,100,84.43,100,84.48,200,85.82,1,84.34,85.52,84.2,1352408400000,1352468256189,CLZ2,3218
100723,84.3,1352468256705,84.37,84.99,84.3,100,84.29,100,84.25,100,84.2,200,84.37,100,84.39,100,84.42,100,84.47,200,85.82,1,84.34,85.52,84.2,1352408400000,1352468256729,CLZ2,3222
100723,84.31,1352468258322,84.38,84.99,84.31,100,84.3,100,84.26,100,84.21,200,84.38,100,84.4,100,84.43,100,84.48,200,85.82,1,84.34,85.52,84.2,1352408400000,1352468258330,CLZ2,3230
100723,84.3,1352468258643,84.38,84.99,84.3,100,84.29,100,84.25,100,84.2,200,84.38,100,84.4,100,84.43,100,84.48,200,85.82,1,84.34,85.52,84.2,1352408400000,1352468258790,CLZ2,3234
100723,84.3,1352468258828,84.37,84.99,84.3,100,84.29,100,84.25,100,84.2,200,84.37,100,84.39,100,84.42,100,84.47,200,85.82,1,84.34,85.52,84.2,1352408400000,1352468258889,CLZ2,3235
100723,84.31,1352468259067,84.36,84.99,84.31,100,84.3,100,84.26,100,84.21,200,84.36,100,84.38,100,84.41,100,84.46,200,85.82,1,84.34,85.52,84.2,1352408400000,1352468259130,CLZ2,3236
100723,84.32,1352468259548,84.37,84.99,84.32,100,84.31,100,84.27,100,84.22,200,84.37,100,84.39,100,84.42,100,84.47,200,85.82,1,84.34,85.52,84.2,1352408400000,1352468259629,CLZ2,3237
100723,84.33,1352468260413,84.37,84.99,84.33,100,84.32,100,84.28,100,84.23,200,84.37,100,84.39,100,84.42,100,84.47,200,85.82,1,84.34,85.52,84.2,1352408400000,1352468260489,CLZ2,3242
100723,84.34,1352468260711,84.38,84.99,84.34,100,84.33,100,84.29,100,84.24,200,84.38,100,84.4,100,84.43,100,84.48,200,85.82,1,84.34,85.52,84.2,1352408400000,1352468260790,CLZ2,3246
100723,84.35,1352468261982,84.39,84.99,84.35,100,84.34,100,84.3,100,84.25,200,84.39,100,84.41,100,84.44,100,84.49,200,85.82,1,84.34,85.52,84.2,1352408400000,1352468262113,CLZ2,3260
100723,84.36,1352468265633,84.41,84.99,84.36,100,84.35,100,84.31,100,84.26,200,84.41,100,84.43,100,84.46,100,84.51,200,85.82,1,84.34,85.52,84.2,1352408400000,1352468265790,CLZ2,3280
100723,84.36,1352468265770,84.43,84.99,84.36,100,84.35,100,84.31,100,84.26,200,84.43,100,84.45,100,84.48,100,84.53,200,85.82,1,84.34,85.52,84.2,1352408400000,1352468265891,CLZ2,3282
100723,84.35,1352468265985,84.43,84.99,84.35,100,84.34,100,84.3,100,84.25,200,84.43,100,84.45,100,84.48,100,84.53,200,85.82,1,84.34,85.52,84.2,1352408400000,1352468266093,CLZ2,3285
100723,84.35,1352468266284,84.42,84.99,84.35,100,84.34,100,84.3,100,84.25,200,84.42,100,84.44,100,84.47,100,84.52,200,85.82,1,84.34,85.52,84.2,1352408400000,1352468266333,CLZ2,3288
100723,84.34,1352468267674,84.42,84.99,84.34,100,84.33,100,84.29,100,84.24,200,84.42,100,84.44,100,84.47,100,84.52,200,85.82,1,84.34,85.52,84.2,1352408400000,1352468267789,CLZ2,3297
100723,84.35,1352468268697,84.43,84.99,84.35,100,84.34,100,84.3,100,84.25,200,84.43,100,84.45,100,84.48,100,84.53,200,85.82,1,84.34,85.52,84.2,1352408400000,1352468268728,CLZ2,3305
100723,84.36,1352468268999,84.41,84.99,84.36,100,84.35,100,84.31,100,84.26,200,84.41,100,84.43,100,84.46,100,84.51,200,85.82,1,84.34,85.52,84.2,1352408400000,1352468269099,CLZ2,3306
100723,84.37,1352468269213,84.42,84.99,84.37,100,84.36,100,84.32,100,84.27,200,84.42,100,84.44,100,84.47,100,84.52,200,85.82,1,84.34,85.52,84.2,1352408400000,1352468269228,CLZ2,3308
100723,84.36,1352468269377,84.41,84.99,84.36,100,84.35,100,84.31,100,84.26,200,84.41,100,84.43,100,84.46,100,84.51,200,85.82,1,84.34,85.52,84.2,1352408400000,1352468269430,CLZ2,3311
100723,84.37,1352468271313,84.42,84.99,84.37,100,84.36,100,84.32,100,84.27,200,84.42,100,84.44,100,84.47,100,84.52,200,85.82,1,84.34,85.52,84.2,1352408400000,1352468271328,CLZ2,3318
100723,84.38,1352468272930,84.42,84.99,84.38,100,84.37,100,84.33,100,84.27,200,84.42,100,84.44,100,84.47,100,84.52,200,85.82,1,84.34,85.52,84.2,1352408400000,1352468272928,CLZ2,3321
100723,84.38,1352468272932,84.42,84.99,84.38,100,84.37,100,84.33,100,84.28,200,84.42,100,84.44,100,84.47,100,84.52,200,85.82,1,84.34,85.52,84.2,1352408400000,1352468273028,CLZ2,3322
100723,84.37,1352468277849,84.41,84.99,84.37,100,84.36,100,84.32,100,84.27,200,84.41,100,84.43,100,84.46,100,84.51,200,85.82,1,84.34,85.52,84.2,1352408400000,1352468277929,CLZ2,3341
100723,84.36,1352468280831,84.41,84.99,84.36,100,84.35,100,84.31,100,84.27,200,84.41,100,84.43,100,84.46,100,84.51,200,85.82,1,84.34,85.52,84.2,1352408400000,1352468280874,CLZ2,3358
100723,84.36,1352468280833,84.4,84.99,84.36,100,84.35,100,84.31,100,84.26,200,84.4,100,84.42,100,84.45,100,84.5,200,85.82,1,84.34,85.52,84.2,1352408400000,1352468280929,CLZ2,3359
100723,84.35,1352468285825,84.39,84.99,84.35,100,84.34,100,84.3,100,84.25,200,84.39,100,84.41,100,84.44,100,84.49,200,85.82,1,84.34,85.52,84.2,1352408400000,1352468285892,CLZ2,3382
100723,84.36,1352468285904,84.4,84.99,84.36,100,84.35,100,84.31,100,84.26,200,84.4,100,84.42,100,84.45,100,84.5,200,85.82,1,84.34,85.52,84.2,1352408400000,1352468285928,CLZ2,3383
100723,84.35,1352468287193,84.39,84.99,84.35,100,84.34,100,84.3,100,84.25,200,84.39,100,84.41,100,84.44,100,84.49,200,85.82,1,84.34,85.52,84.2,1352408400000,1352468287229,CLZ2,3388
100723,84.36,1352468292200,84.4,84.99,84.36,100,84.35,100,84.31,100,84.26,200,84.4,100,84.42,100,84.45,100,84.5,200,85.82,1,84.34,85.52,84.2,1352408400000,1352468292228,CLZ2,3395
100723,84.37,1352468295277,84.42,84.99,84.37,100,84.36,100,84.32,100,84.27,200,84.42,100,84.44,100,84.47,100,84.52,200,85.82,1,84.34,85.52,84.2,1352408400000,1352468295328,CLZ2,3406
100723,84.38,1352468299631,84.42,84.99,84.38,100,84.37,100,84.33,100,84.28,200,84.42,100,84.44,100,84.47,100,84.52,200,85.82,1,84.34,85.52,84.2,1352408400000,1352468299728,CLZ2,3413
100723,84.39,1352468303221,84.43,84.99,84.39,100,84.38,100,84.34,100,84.29,200,84.43,100,84.45,100,84.48,100,84.53,200,85.82,1,84.34,85.52,84.2,1352408400000,1352468303289,CLZ2,3431
100723,84.4,1352468304076,84.44,84.99,84.4,100,84.39,100,84.35,100,84.3,200,84.44,100,84.46,100,84.49,100,84.54,200,85.82,1,84.34,85.52,84.2,1352408400000,1352468304188,CLZ2,3435
100723,84.39,1352468307713,84.43,84.99,84.39,100,84.38,100,84.34,100,84.29,200,84.43,100,84.45,100,84.48,100,84.53,200,85.82,1,84.34,85.52,84.2,1352408400000,1352468307728,CLZ2,3444
100723,84.38,1352468307791,84.42,84.99,84.38,100,84.37,100,84.33,100,84.28,200,84.42,100,84.44,100,84.47,100,84.52,200,85.82,1,84.34,85.52,84.2,1352408400000,1352468307829,CLZ2,3445
100723,84.37,1352468313818,84.41,84.99,84.37,100,84.36,100,84.32,100,84.27,200,84.41,100,84.43,100,84.46,100,84.51,200,85.82,1,84.34,85.52,84.2,1352408400000,1352468313986,CLZ2,3460
100723,84.36,1352468316385,84.4,84.99,84.36,100,84.35,100,84.31,100,84.26,200,84.4,100,84.42,100,84.45,100,84.5,200,85.82,1,84.34,85.52,84.2,1352408400000,1352468316427,CLZ2,3469
100723,84.35,1352468321158,84.39,84.99,84.35,100,84.34,100,84.3,100,84.25,200,84.39,100,84.41,100,84.44,100,84.49,200,85.82,1,84.34,85.52,84.2,1352408400000,1352468321288,CLZ2,3490
100723,84.36,1352468322316,84.41,84.99,84.36,100,84.35,100,84.31,100,84.26,200,84.41,100,84.43,100,84.46,100,84.51,200,85.82,1,84.34,85.52,84.2,1352408400000,1352468322382,CLZ2,3496
100723,84.35,1352468322388,84.4,84.99,84.35,100,84.34,100,84.3,100,84.25,200,84.4,100,84.42,100,84.45,100,84.5,200,85.82,1,84.34,85.52,84.2,1352408400000,1352468322428,CLZ2,3497
100723,84.36,1352468323485,84.41,84.99,84.36,100,84.35,100,84.31,100,84.26,200,84.41,100,84.43,100,84.46,100,84.51,200,85.82,1,84.34,85.52,84.2,1352408400000,1352468323587,CLZ2,3507
100723,84.37,1352468323616,84.41,84.99,84.37,100,84.36,100,84.32,100,84.27,200,84.41,100,84.43,100,84.46,100,84.51,200,85.82,1,84.34,85.52,84.2,1352408400000,1352468323688,CLZ2,3508
100723,84.38,1352468331581,84.43,84.99,84.38,100,84.37,100,84.33,100,84.28,200,84.43,100,84.45,100,84.48,100,84.53,200,85.82,1,84.34,85.52,84.2,1352408400000,1352468331687,CLZ2,3537
100723,84.38,1352468331754,84.45,84.99,84.38,100,84.37,100,84.33,100,84.28,200,84.45,100,84.47,100,84.5,100,84.55,200,85.82,1,84.34,85.52,84.2,1352408400000,1352468331888,CLZ2,3540
100723,84.38,1352468334490,84.46,84.99,84.38,100,84.37,100,84.33,100,84.28,200,84.46,100,84.48,100,84.51,100,84.56,200,85.82,1,84.34,85.52,84.2,1352408400000,1352468334589,CLZ2,3564
100723,84.37,1352468334688,84.46,84.99,84.37,100,84.36,100,84.32,100,84.27,200,84.46,100,84.48,100,84.51,100,84.56,200,85.82,1,84.34,85.52,84.2,1352408400000,1352468334788,CLZ2,3567
100723,84.39,1352468334761,84.43,84.99,84.39,100,84.38,100,84.34,100,84.29,200,84.43,100,84.45,100,84.48,100,84.53,200,85.82,1,84.34,85.52,84.2,1352408400000,1352468334888,CLZ2,3569
100723,84.36,1352468334928,84.44,84.99,84.36,100,84.35,100,84.31,100,84.26,200,84.44,100,84.46,100,84.49,100,84.54,200,85.82,1,84.34,85.52,84.2,1352408400000,1352468334988,CLZ2,3571
100723,84.35,1352468336007,84.42,84.99,84.35,100,84.34,100,84.3,100,84.25,200,84.42,100,84.44,100,84.47,100,84.52,200,85.82,1,84.34,85.52,84.2,1352408400000,1352468336026,CLZ2,3581
100723,84.35,1352468336483,84.43,84.99,84.35,100,84.34,100,84.3,100,84.25,200,84.43,100,84.45,100,84.48,100,84.53,200,85.82,1,84.34,85.52,84.2,1352408400000,1352468336528,CLZ2,3586
100723,84.36,1352468336571,84.43,84.99,84.36,100,84.35,100,84.31,100,84.26,200,84.43,100,84.45,100,84.48,100,84.53,200,85.82,1,84.34,85.52,84.2,1352408400000,1352468336629,CLZ2,3588
100723,84.35,1352468336705,84.43,84.99,84.35,100,84.34,100,84.3,100,84.25,200,84.43,100,84.45,100,84.48,100,84.53,200,85.82,1,84.34,85.52,84.2,1352408400000,1352468336729,CLZ2,3590
100723,84.35,1352468337006,84.42,84.99,84.35,100,84.34,100,84.3,100,84.25,200,84.42,100,84.44,100,84.47,100,84.52,200,85.82,1,84.34,85.52,84.2,1352408400000,1352468337088,CLZ2,3593
100723,84.34,1352468337378,84.42,84.99,84.34,100,84.33,100,84.29,100,84.24,200,84.42,100,84.44,100,84.47,100,84.52,200,85.82,1,84.34,85.52,84.2,1352408400000,1352468337489,CLZ2,3598
100723,84.36,1352468339778,84.4,84.99,84.36,100,84.35,100,84.31,100,84.26,200,84.4,100,84.42,100,84.45,100,84.5,200,85.82,1,84.34,85.52,84.2,1352408400000,1352468339827,CLZ2,3610
100723,84.37,1352468340426,84.41,84.99,84.37,100,84.36,100,84.32,100,84.27,200,84.41,100,84.43,100,84.46,100,84.51,200,85.82,1,84.34,85.52,84.2,1352408400000,1352468340427,CLZ2,3615
100723,84.36,1352468346176,84.4,84.99,84.36,100,84.35,100,84.31,100,84.26,200,84.4,100,84.42,100,84.45,100,84.5,200,85.82,1,84.34,85.52,84.2,1352408400000,1352468346226,CLZ2,3635
100723,84.35,1352468349028,84.4,84.99,84.35,100,84.34,100,84.3,100,84.26,200,84.4,100,84.42,100,84.45,100,84.5,200,85.82,1,84.34,85.52,84.2,1352408400000,1352468349119,CLZ2,3638
100723,84.35,1352468349033,84.39,84.99,84.35,100,84.34,100,84.3,100,84.25,200,84.39,100,84.41,100,84.44,100,84.49,200,85.82,1,84.34,85.52,84.2,1352408400000,1352468349187,CLZ2,3640
100723,84.34,1352468350539,84.38,84.99,84.34,100,84.33,100,84.29,100,84.24,200,84.38,100,84.4,100,84.43,100,84.48,200,85.82,1,84.34,85.52,84.2,1352408400000,1352468350628,CLZ2,3646
100723,84.35,1352468352460,84.39,84.99,84.35,100,84.34,100,84.3,100,84.25,200,84.39,100,84.41,100,84.44,100,84.49,200,85.82,1,84.34,85.52,84.2,1352408400000,1352468352588,CLZ2,3654
100723,84.36,1352468354108,84.4,84.99,84.36,100,84.35,100,84.31,100,84.26,200,84.4,100,84.42,100,84.45,100,84.5,200,85.82,1,84.34,85.52,84.2,1352408400000,1352468354189,CLZ2,3661
100723,84.37,1352468354705,84.41,84.99,84.37,100,84.36,100,84.32,100,84.27,200,84.41,100,84.43,100,84.46,100,84.51,200,85.82,1,84.34,85.52,84.2,1352408400000,1352468354730,CLZ2,3664
100723,84.36,1352468354850,84.44,84.99,84.36,100,84.35,100,84.31,100,84.26,200,84.44,100,84.46,100,84.49,100,84.54,200,85.82,1,84.34,85.52,84.2,1352408400000,1352468354927,CLZ2,3665
100723,84.35,1352468355478,84.43,84.99,84.35,100,84.34,100,84.3,100,84.25,200,84.43,100,84.45,100,84.48,100,84.53,200,85.82,1,84.34,85.52,84.2,1352408400000,1352468355531,CLZ2,3667
100723,84.34,1352468356555,84.42,84.99,84.34,100,84.33,100,84.29,100,84.24,200,84.42,100,84.44,100,84.47,100,84.52,200,85.82,1,84.34,85.52,84.2,1352408400000,1352468356690,CLZ2,3671
100723,84.36,1352468358177,84.4,84.99,84.36,100,84.35,100,84.31,100,84.26,200,84.4,100,84.42,100,84.45,100,84.5,200,85.82,1,84.34,85.52,84.2,1352408400000,1352468358290,CLZ2,3681
100723,84.35,1352468360746,84.39,84.99,84.35,100,84.34,100,84.3,100,84.25,200,84.39,100,84.41,100,84.44,100,84.49,200,85.82,1,84.34,85.52,84.2,1352408400000,1352468360890,CLZ2,3692
100723,84.34,1352468362116,84.38,84.99,84.34,100,84.33,100,84.29,100,84.24,200,84.38,100,84.4,100,84.43,100,84.48,200,85.82,1,84.34,85.52,84.2,1352408400000,1352468362196,CLZ2,3696
100723,84.33,1352468362488,84.37,84.99,84.33,100,84.32,100,84.28,100,84.23,200,84.37,100,84.39,100,84.42,100,84.47,200,85.82,1,84.34,85.52,84.2,1352408400000,1352468362592,CLZ2,3701
100723,84.3,1352468362780,84.38,84.99,84.3,100,84.29,100,84.25,100,84.2,200,84.38,100,84.4,100,84.43,100,84.48,200,85.82,1,84.34,85.52,84.2,1352408400000,1352468362828,CLZ2,3704
100723,84.31,1352468364471,84.39,84.99,84.31,100,84.3,100,84.26,100,84.21,200,84.39,100,84.41,100,84.44,100,84.49,200,85.82,1,84.34,85.52,84.2,1352408400000,1352468364528,CLZ2,3714
100723,84.33,1352468366004,84.37,84.99,84.33,100,84.32,100,84.28,100,84.23,200,84.37,100,84.39,100,84.42,100,84.47,200,85.82,1,84.34,85.52,84.2,1352408400000,1352468366089,CLZ2,3720
100723,84.32,1352468368411,84.36,84.99,84.32,100,84.31,100,84.27,100,84.22,200,84.36,100,84.38,100,84.41,100,84.46,200,85.82,1,84.34,85.52,84.2,1352408400000,1352468368441,CLZ2,3729
100723,84.31,1352468375199,84.35,84.99,84.31,100,84.3,100,84.26,100,84.21,200,84.35,100,84.37,100,84.4,100,84.45,200,85.82,1,84.34,85.52,84.2,1352408400000,1352468375238,CLZ2,3763
100723,84.32,1352468375853,84.36,84.99,84.32,100,84.31,100,84.27,100,84.22,200,84.36,100,84.38,100,84.41,100,84.46,200,85.82,1,84.34,85.52,84.2,1352408400000,1352468375988,CLZ2,3765
100723,84.33,1352468377425,84.37,84.99,84.33,100,84.32,100,84.28,100,84.23,200,84.37,100,84.39,100,84.42,100,84.47,200,85.82,1,84.34,85.52,84.2,1352408400000,1352468377428,CLZ2,3777
100723,84.32,1352468379941,84.36,84.99,84.32,100,84.31,100,84.27,100,84.22,200,84.36,100,84.38,100,84.41,100,84.46,200,85.82,1,84.34,85.52,84.2,1352408400000,1352468379988,CLZ2,3785
100723,84.31,1352468380226,84.35,84.99,84.31,100,84.3,100,84.26,100,84.21,200,84.35,100,84.37,100,84.4,100,84.45,200,85.82,1,84.34,85.52,84.2,1352408400000,1352468380288,CLZ2,3789
100723,84.3,1352468383944,84.34,84.99,84.3,100,84.29,100,84.25,100,84.2,200,84.34,100,84.36,100,84.39,100,84.44,200,85.82,1,84.34,85.52,84.2,1352408400000,1352468384089,CLZ2,3804
100723,84.31,1352468387891,84.35,84.99,84.31,100,84.3,100,84.26,100,84.21,200,84.35,100,84.37,100,84.4,100,84.45,200,85.82,1,84.34,85.52,84.2,1352408400000,1352468387929,CLZ2,3824
100723,84.32,1352468388382,84.36,84.99,84.32,100,84.31,100,84.27,100,84.22,200,84.36,100,84.38,100,84.41,100,84.46,200,85.82,1,84.34,85.52,84.2,1352408400000,1352468388428,CLZ2,3826
100723,84.33,1352468389568,84.37,84.99,84.33,100,84.32,100,84.28,100,84.23,200,84.37,100,84.39,100,84.42,100,84.47,200,85.82,1,84.34,85.52,84.2,1352408400000,1352468389637,CLZ2,3831
100723,84.34,1352468391095,84.38,84.99,84.34,100,84.33,100,84.29,100,84.24,200,84.38,100,84.4,100,84.43,100,84.48,200,85.82,1,84.34,85.52,84.2,1352408400000,1352468391188,CLZ2,3836
100723,84.35,1352468394223,84.42,84.99,84.35,100,84.34,100,84.3,100,84.25,200,84.42,100,84.44,100,84.47,100,84.52,200,85.82,1,84.34,85.52,84.2,1352408400000,1352468394289,CLZ2,3853
100723,84.36,1352468397244,84.4,84.99,84.36,100,84.35,100,84.31,100,84.26,200,84.4,100,84.42,100,84.45,100,84.5,200,85.82,1,84.34,85.52,84.2,1352408400000,1352468397337,CLZ2,3861
100723,84.35,1352468400550,84.39,84.99,84.35,100,84.34,100,84.3,100,84.25,200,84.39,100,84.41,100,84.44,100,84.49,200,85.82,1,84.34,85.52,84.2,1352408400000,1352468400627,CLZ2,3868
100723,84.34,1352468401299,84.38,84.99,84.34,100,84.33,100,84.29,100,84.24,200,84.38,100,84.4,100,84.43,100,84.48,200,85.82,1,84.34,85.52,84.2,1352408400000,1352468401387,CLZ2,3872
100723,84.33,1352468402106,84.37,84.99,84.33,100,84.32,100,84.28,100,84.23,200,84.37,100,84.39,100,84.42,100,84.47,200,85.82,1,84.34,85.52,84.2,1352408400000,1352468402127,CLZ2,3875
100723,84.32,1352468402637,84.36,84.99,84.32,100,84.31,100,84.27,100,84.22,200,84.36,100,84.38,100,84.41,100,84.46,200,85.82,1,84.34,85.52,84.2,1352408400000,1352468402789,CLZ2,3879
100723,84.29,1352468402746,84.37,84.99,84.29,100,84.28,100,84.24,100,84.19,200,84.37,100,84.39,100,84.42,100,84.47,200,85.82,1,84.34,85.52,84.2,1352408400000,1352468402891,CLZ2,3881
100723,84.29,1352468402933,84.38,84.99,84.29,100,84.28,100,84.24,100,84.19,200,84.38,100,84.4,100,84.43,100,84.48,200,85.82,1,84.34,85.52,84.2,1352408400000,1352468403088,CLZ2,3884
100723,84.3,1352468403324,84.38,84.99,84.3,100,84.29,100,84.25,100,84.2,200,84.38,100,84.4,100,84.43,100,84.48,200,85.82,1,84.34,85.52,84.2,1352408400000,1352468403389,CLZ2,3888
100723,84.32,1352468406009,84.36,84.99,84.32,100,84.31,100,84.27,100,84.22,200,84.36,100,84.38,100,84.41,100,84.46,200,85.82,1,84.34,85.52,84.2,1352408400000,1352468406027,CLZ2,3900
100723,84.33,1352468408968,84.37,84.99,84.33,100,84.32,100,84.28,100,84.23,200,84.37,100,84.39,100,84.42,100,84.47,200,85.82,1,84.34,85.52,84.2,1352408400000,1352468409036,CLZ2,3914
100723,84.34,1352468409594,84.39,84.99,84.34,100,84.33,100,84.29,100,84.24,200,84.39,100,84.41,100,84.44,100,84.49,200,85.82,1,84.34,85.52,84.2,1352408400000,1352468409638,CLZ2,3915
100723,84.35,1352468410385,84.39,84.99,84.35,100,84.34,100,84.3,100,84.25,200,84.39,100,84.41,100,84.44,100,84.49,200,85.82,1,84.34,85.52,84.2,1352408400000,1352468410487,CLZ2,3917
100723,84.36,1352468411575,84.41,84.99,84.36,100,84.35,100,84.31,100,84.26,200,84.41,100,84.43,100,84.46,100,84.51,200,85.82,1,84.34,85.52,84.2,1352408400000,1352468411627,CLZ2,3920
100723,84.34,1352468411899,84.41,84.99,84.34,100,84.33,100,84.29,100,84.24,200,84.41,100,84.43,100,84.46,100,84.51,200,85.82,1,84.34,85.52,84.2,1352408400000,1352468411927,CLZ2,3922
100723,84.33,1352468412222,84.41,84.99,84.33,100,84.32,100,84.28,100,84.23,200,84.41,100,84.43,100,84.46,100,84.51,200,85.82,1,84.34,85.52,84.2,1352408400000,1352468412228,CLZ2,3923
100723,84.32,1352468412853,84.4,84.99,84.32,100,84.31,100,84.27,100,84.22,200,84.4,100,84.42,100,84.45,100,84.5,200,85.82,1,84.34,85.52,84.2,1352408400000,1352468412988,CLZ2,3926
100723,84.34,1352468414930,84.38,84.99,84.34,100,84.33,100,84.29,100,84.24,200,84.38,100,84.4,100,84.43,100,84.48,200,85.82,1,84.34,85.52,84.2,1352408400000,1352468414933,CLZ2,3932
100723,84.33,1352468416196,84.37,84.99,84.33,100,84.32,100,84.28,100,84.23,200,84.37,100,84.39,100,84.42,100,84.47,200,85.82,1,84.34,85.52,84.2,1352408400000,1352468416227,CLZ2,3935
100723,84.34,1352468418234,84.38,84.99,84.34,100,84.33,100,84.29,100,84.24,200,84.38,100,84.4,100,84.43,100,84.48,200,85.82,1,84.34,85.52,84.2,1352408400000,1352468418401,CLZ2,3940
100723,84.33,1352468418567,84.37,84.99,84.33,100,84.32,100,84.28,100,84.23,200,84.37,100,84.39,100,84.42,100,84.47,200,85.82,1,84.34,85.52,84.2,1352408400000,1352468418627,CLZ2,3941
100723,84.34,1352468420013,84.38,84.99,84.34,100,84.33,100,84.29,100,84.24,200,84.38,100,84.4,100,84.43,100,84.48,200,85.82,1,84.34,85.52,84.2,1352408400000,1352468420087,CLZ2,3945
100723,84.32,1352468424475,84.37,84.99,84.32,100,84.31,100,84.27,100,84.22,200,84.37,100,84.39,100,84.42,100,84.47,200,85.82,1,84.34,85.52,84.2,1352408400000,1352468424586,CLZ2,3953
100723,84.32,1352468426488,84.37,84.99,84.32,100,84.31,100,84.27,100,84.22,200,84.37,100,84.39,100,84.42,100,84.47,200,85.82,1,84.34,85.52,84.2,1352408400000,1352468426527,CLZ2,3956
100723,84.33,1352468427037,84.38,84.99,84.33,100,84.32,100,84.28,100,84.23,200,84.38,100,84.4,100,84.43,100,84.48,200,85.82,1,84.34,85.52,84.2,1352408400000,1352468427088,CLZ2,3959
100723,84.34,1352468427553,84.38,84.99,84.34,100,84.33,100,84.29,100,84.24,200,84.38,100,84.4,100,84.43,100,84.48,200,85.82,1,84.34,85.52,84.2,1352408400000,1352468427687,CLZ2,3966
100723,84.35,1352468431967,84.4,84.99,84.35,100,84.34,100,84.3,100,84.25,200,84.4,100,84.42,100,84.45,100,84.5,200,85.82,1,84.34,85.52,84.2,1352408400000,1352468432028,CLZ2,3984
100723,84.34,1352468433182,84.39,84.99,84.34,100,84.33,100,84.29,100,84.24,200,84.39,100,84.41,100,84.44,100,84.49,200,85.82,1,84.34,85.52,84.2,1352408400000,1352468433227,CLZ2,3987
100723,84.34,1352468437188,84.38,84.99,84.34,100,84.33,100,84.29,100,84.24,200,84.38,100,84.4,100,84.43,100,84.48,200,85.82,1,84.34,85.52,84.2,1352408400000,1352468437226,CLZ2,3994
100723,84.33,1352468437314,84.37,84.99,84.33,100,84.32,100,84.28,100,84.23,200,84.37,100,84.39,100,84.42,100,84.47,200,85.82,1,84.34,85.52,84.2,1352408400000,1352468437328,CLZ2,3996
100723,84.3,1352468437628,84.38,84.99,84.3,100,84.29,100,84.25,100,84.2,200,84.38,100,84.4,100,84.43,100,84.48,200,85.82,1,84.34,85.52,84.2,1352408400000,1352468437686,CLZ2,3999
100723,84.32,1352468440885,84.36,84.99,84.32,100,84.31,100,84.27,100,84.22,200,84.36,100,84.38,100,84.41,100,84.46,200,85.82,1,84.34,85.52,84.2,1352408400000,1352468440927,CLZ2,4007
100723,84.34,1352468441355,84.39,84.99,84.34,100,84.33,100,84.29,100,84.24,200,84.39,100,84.41,100,84.44,100,84.49,200,85.82,1,84.34,85.52,84.2,1352408400000,1352468441428,CLZ2,4008
100723,84.33,1352468443914,84.38,84.99,84.33,100,84.32,100,84.28,100,84.23,200,84.38,100,84.4,100,84.43,100,84.48,200,85.82,1,84.34,85.52,84.2,1352408400000,1352468443927,CLZ2,4016
100723,84.34,1352468447068,84.39,84.99,84.34,100,84.33,100,84.29,100,84.24,200,84.39,100,84.41,100,84.44,100,84.49,200,85.82,1,84.34,85.52,84.2,1352408400000,1352468447188,CLZ2,4023
100723,84.33,1352468449974,84.38,84.99,84.33,100,84.32,100,84.28,100,84.23,200,84.38,100,84.4,100,84.43,100,84.48,200,85.82,1,84.34,85.52,84.2,1352408400000,1352468450028,CLZ2,4033
100723,84.33,1352468455358,84.37,84.99,84.33,100,84.32,100,84.28,100,84.23,200,84.37,100,84.39,100,84.42,100,84.47,200,85.82,1,84.34,85.52,84.2,1352408400000,1352468455489,CLZ2,4049
100723,84.34,1352468457441,84.38,84.99,84.34,100,84.33,100,84.29,100,84.24,200,84.38,100,84.4,100,84.43,100,84.48,200,85.82,1,84.34,85.52,84.2,1352408400000,1352468457439,CLZ2,4056
100723,84.35,1352468493122,84.39,84.99,84.35,100,84.34,100,84.3,100,84.25,200,84.39,100,84.41,100,84.44,100,84.49,200,85.82,1,84.34,85.52,84.2,1352408400000,1352468493186,CLZ2,4119
100723,84.36,1352468497762,84.4,84.99,84.36,100,84.35,100,84.31,100,84.26,200,84.4,100,84.42,100,84.45,100,84.5,200,85.82,1,84.34,85.52,84.2,1352408400000,1352468497964,CLZ2,4128
100723,84.37,1352468504685,84.42,84.99,84.37,100,84.36,100,84.32,100,84.27,200,84.42,100,84.44,100,84.47,100,84.52,200,85.82,1,84.34,85.52,84.2,1352408400000,1352468504733,CLZ2,4149
100723,84.37,1352468504808,84.44,84.99,84.37,100,84.36,100,84.32,100,84.27,200,84.44,100,84.46,100,84.49,100,84.54,200,85.82,1,84.34,85.52,84.2,1352408400000,1352468504928,CLZ2,4151
100723,84.36,1352468506513,84.43,84.99,84.36,100,84.35,100,84.31,100,84.26,200,84.43,100,84.45,100,84.48,100,84.53,200,85.82,1,84.34,85.52,84.2,1352408400000,1352468506537,CLZ2,4156
100723,84.35,1352468506650,84.43,84.99,84.35,100,84.34,100,84.3,100,84.25,200,84.43,100,84.45,100,84.48,100,84.53,200,85.82,1,84.34,85.52,84.2,1352408400000,1352468506739,CLZ2,4158
100723,84.36,1352468507201,84.44,84.99,84.36,100,84.35,100,84.31,100,84.26,200,84.44,100,84.46,100,84.49,100,84.54,200,85.82,1,84.34,85.52,84.2,1352408400000,1352468507229,CLZ2,4160
100723,84.35,1352468507706,84.43,84.99,84.35,100,84.34,100,84.3,100,84.25,200,84.43,100,84.45,100,84.48,100,84.53,200,85.82,1,84.34,85.52,84.2,1352408400000,1352468507733,CLZ2,4161
100723,84.36,1352468510116,84.44,84.99,84.36,100,84.35,100,84.31,100,84.26,200,84.44,100,84.46,100,84.49,100,84.54,200,85.82,1,84.34,85.52,84.2,1352408400000,1352468510192,CLZ2,4167
100723,84.38,1352468511322,84.42,84.99,84.38,100,84.37,100,84.33,100,84.28,200,84.42,100,84.44,100,84.47,100,84.52,200,85.82,1,84.34,85.52,84.2,1352408400000,1352468511328,CLZ2,4172
100723,84.37,1352468516655,84.41,84.99,84.37,100,84.36,100,84.32,100,84.27,200,84.41,100,84.43,100,84.46,100,84.51,200,85.82,1,84.34,85.52,84.2,1352408400000,1352468516808,CLZ2,4188
100723,84.36,1352468517964,84.4,84.99,84.36,100,84.35,100,84.31,100,84.26,200,84.4,100,84.42,100,84.45,100,84.5,200,85.82,1,84.34,85.52,84.2,1352408400000,1352468518088,CLZ2,4195
100723,84.35,1352468521070,84.39,84.99,84.35,100,84.34,100,84.3,100,84.25,200,84.39,100,84.41,100,84.44,100,84.49,200,85.82,1,84.34,85.52,84.2,1352408400000,1352468521140,CLZ2,4207
100723,84.36,1352468525108,84.4,84.99,84.36,100,84.35,100,84.31,100,84.26,200,84.4,100,84.42,100,84.45,100,84.5,200,85.82,1,84.34,85.52,84.2,1352408400000,1352468525188,CLZ2,4238
100723,84.37,1352468526787,84.41,84.99,84.37,100,84.36,100,84.32,100,84.27,200,84.41,100,84.43,100,84.46,100,84.51,200,85.82,1,84.34,85.52,84.2,1352408400000,1352468526889,CLZ2,4254
100723,84.38,1352468530861,84.42,84.99,84.38,100,84.37,100,84.33,100,84.28,200,84.42,100,84.44,100,84.47,100,84.52,200,85.82,1,84.34,85.52,84.2,1352408400000,1352468530929,CLZ2,4287
100723,84.39,1352468543987,84.44,84.99,84.39,100,84.38,100,84.34,100,84.29,200,84.44,100,84.46,100,84.49,100,84.54,200,85.82,1,84.34,85.52,84.2,1352408400000,1352468544028,CLZ2,4332
100723,84.4,1352468544523,84.44,84.99,84.4,100,84.39,100,84.35,100,84.3,200,84.44,100,84.46,100,84.49,100,84.54,200,85.82,1,84.34,85.52,84.2,1352408400000,1352468544587,CLZ2,4337
100723,84.41,1352468551179,84.45,84.99,84.41,100,84.4,100,84.36,100,84.31,200,84.45,100,84.47,100,84.5,100,84.55,200,85.82,1,84.34,85.52,84.2,1352408400000,1352468551287,CLZ2,4365
100723,84.42,1352468552688,84.47,84.99,84.42,100,84.41,100,84.37,100,84.32,200,84.47,100,84.49,100,84.52,100,84.57,200,85.82,1,84.34,85.52,84.2,1352408400000,1352468552736,CLZ2,4369
100723,84.43,1352468554507,84.47,84.99,84.43,100,84.42,100,84.38,100,84.33,200,84.47,100,84.49,100,84.52,100,84.57,200,85.82,1,84.34,85.52,84.2,1352408400000,1352468554537,CLZ2,4376
100723,84.45,1352468569214,84.5,84.99,84.45,100,84.44,100,84.4,100,84.35,200,84.5,100,84.52,100,84.55,100,84.6,200,85.82,1,84.34,85.52,84.2,1352408400000,1352468569234,CLZ2,4416
100723,84.44,1352468571087,84.48,84.99,84.44,100,84.43,100,84.39,100,84.34,200,84.48,100,84.5,100,84.53,100,84.58,200,85.82,1,84.34,85.52,84.2,1352408400000,1352468571129,CLZ2,4418
100723,84.43,1352468579617,84.47,84.99,84.43,100,84.42,100,84.38,100,84.33,200,84.47,100,84.49,100,84.52,100,84.57,200,85.82,1,84.34,85.52,84.2,1352408400000,1352468579629,CLZ2,4431
100723,84.44,1352468581738,84.48,84.99,84.44,100,84.43,100,84.39,100,84.34,200,84.48,100,84.5,100,84.53,100,84.58,200,85.82,1,84.34,85.52,84.2,1352408400000,1352468581889,CLZ2,4437
100723,84.45,1352468583722,84.49,84.99,84.45,100,84.44,100,84.4,100,84.35,200,84.49,100,84.51,100,84.54,100,84.59,200,85.82,1,84.34,85.52,84.2,1352408400000,1352468583790,CLZ2,4447
100723,84.46,1352468586726,84.51,84.99,84.46,100,84.45,100,84.41,100,84.36,200,84.51,100,84.53,100,84.56,100,84.61,200,85.82,1,84.34,85.52,84.2,1352408400000,1352468586790,CLZ2,4468
100723,84.45,1352468586930,84.5,84.99,84.45,100,84.44,100,84.4,100,84.35,200,84.5,100,84.52,100,84.55,100,84.6,200,85.82,1,84.34,85.52,84.2,1352408400000,1352468586991,CLZ2,4471
100723,84.45,1352468587981,84.49,84.99,84.45,100,84.44,100,84.4,100,84.35,200,84.49,100,84.51,100,84.54,100,84.59,200,85.82,1,84.34,85.52,84.2,1352408400000,1352468588088,CLZ2,4477
100723,84.44,1352468588036,84.48,84.99,84.44,100,84.43,100,84.39,100,84.34,200,84.48,100,84.5,100,84.53,100,84.58,200,85.82,1,84.34,85.52,84.2,1352408400000,1352468588189,CLZ2,4479
100723,84.46,1352468597229,84.5,84.99,84.46,100,84.45,100,84.41,100,84.36,200,84.5,100,84.51,100,84.54,100,84.59,200,85.82,1,84.34,85.52,84.2,1352408400000,1352468597228,CLZ2,4503
100723,84.45,1352468597302,84.52,84.99,84.45,100,84.44,100,84.4,100,84.35,200,84.52,100,84.54,100,84.57,100,84.62,200,85.82,1,84.34,85.52,84.2,1352408400000,1352468597329,CLZ2,4505
100723,84.46,1352468598447,84.54,84.99,84.46,100,84.45,100,84.41,100,84.36,200,84.54,100,84.56,100,84.59,100,84.64,200,85.82,1,84.34,85.52,84.2,1352408400000,1352468598593,CLZ2,4517
100723,84.46,1352468598554,84.55,84.99,84.46,100,84.45,100,84.41,100,84.36,200,84.55,100,84.57,100,84.6,100,84.65,200,85.82,1,84.34,85.52,84.2,1352408400000,1352468598689,CLZ2,4519
100723,84.47,1352468598960,84.55,84.99,84.47,100,84.46,100,84.42,100,84.37,200,84.55,100,84.57,100,84.6,100,84.65,200,85.82,1,84.34,85.52,84.2,1352408400000,1352468599090,CLZ2,4524
100723,84.48,1352468600823,84.56,84.99,84.48,100,84.47,100,84.43,100,84.38,200,84.56,100,84.58,100,84.61,100,84.66,200,85.82,1,84.34,85.52,84.2,1352408400000,1352468600828,CLZ2,4530
100723,84.5,1352468600966,84.54,84.99,84.5,100,84.49,100,84.45,100,84.4,200,84.54,100,84.56,100,84.59,100,84.64,200,85.82,1,84.34,85.52,84.2,1352408400000,1352468601028,CLZ2,4531
100723,84.49,1352468601555,84.53,84.99,84.49,100,84.48,100,84.44,100,84.39,200,84.53,100,84.55,100,84.58,100,84.63,200,85.82,1,84.34,85.52,84.2,1352408400000,1352468601632,CLZ2,4538
100723,84.5,1352468602168,84.54,84.99,84.5,100,84.49,100,84.45,100,84.4,200,84.54,100,84.56,100,84.59,100,84.64,200,85.82,1,84.34,85.52,84.2,1352408400000,1352468602230,CLZ2,4545
100723,84.49,1352468607678,84.53,84.99,84.49,100,84.48,100,84.44,100,84.39,200,84.53,100,84.55,100,84.58,100,84.63,200,85.82,1,84.34,85.52,84.2,1352408400000,1352468607738,CLZ2,4570
100723,84.48,1352468617028,84.52,84.99,84.48,100,84.47,100,84.43,100,84.38,200,84.52,100,84.54,100,84.57,100,84.62,200,85.82,1,84.34,85.52,84.2,1352408400000,1352468617160,CLZ2,4582
100723,84.49,1352468624472,84.53,84.99,84.49,100,84.48,100,84.44,100,84.39,200,84.53,100,84.55,100,84.58,100,84.63,200,85.82,1,84.34,85.52,84.2,1352408400000,1352468624588,CLZ2,4598
100723,84.48,1352468627641,84.52,84.99,84.48,100,84.47,100,84.43,100,84.38,200,84.52,100,84.54,100,84.57,100,84.62,200,85.82,1,84.34,85.52,84.2,1352408400000,1352468627738,CLZ2,4612
100723,84.49,1352468629622,84.53,84.99,84.49,100,84.48,100,84.44,100,84.39,200,84.53,100,84.55,100,84.58,100,84.63,200,85.82,1,84.34,85.52,84.2,1352408400000,1352468629686,CLZ2,4622
100723,84.48,1352468633168,84.52,84.99,84.48,100,84.47,100,84.43,100,84.38,200,84.52,100,84.54,100,84.57,100,84.62,200,85.82,1,84.34,85.52,84.2,1352408400000,1352468633293,CLZ2,4637
100723,84.49,1352468634837,84.53,84.99,84.49,100,84.48,100,84.44,100,84.39,200,84.53,100,84.55,100,84.58,100,84.63,200,85.82,1,84.34,85.52,84.2,1352408400000,1352468634988,CLZ2,4646
100723,84.48,1352468639040,84.52,84.99,84.48,100,84.47,100,84.43,100,84.38,200,84.52,100,84.54,100,84.57,100,84.62,200,85.82,1,84.34,85.52,84.2,1352408400000,1352468639188,CLZ2,4670
100723,84.49,1352468640912,84.54,84.99,84.49,100,84.48,100,84.44,100,84.39,200,84.54,100,84.56,100,84.59,100,84.64,200,85.82,1,84.34,85.52,84.2,1352408400000,1352468640989,CLZ2,4676
100723,84.48,1352468642274,84.53,84.99,84.48,100,84.47,100,84.43,100,84.38,200,84.53,100,84.55,100,84.58,100,84.63,200,85.82,1,84.34,85.52,84.2,1352408400000,1352468642329,CLZ2,4679
100723,84.48,1352468649051,84.52,84.99,84.48,100,84.47,100,84.43,100,84.38,200,84.52,100,84.54,100,84.57,100,84.62,200,85.82,1,84.34,85.52,84.2,1352408400000,1352468649189,CLZ2,4715
100723,84.47,1352468649304,84.51,84.99,84.47,100,84.46,100,84.42,100,84.37,200,84.51,100,84.53,100,84.56,100,84.61,200,85.82,1,84.34,85.52,84.2,1352408400000,1352468649389,CLZ2,4718
100723,84.44,1352468649834,84.52,84.99,84.44,100,84.43,100,84.39,100,84.34,200,84.52,100,84.54,100,84.57,100,84.62,200,85.82,1,84.34,85.52,84.2,1352408400000,1352468649992,CLZ2,4725
100723,84.45,1352468651390,84.53,84.99,84.45,100,84.44,100,84.4,100,84.35,200,84.53,100,84.55,100,84.58,100,84.63,200,85.82,1,84.34,85.52,84.2,1352408400000,1352468651427,CLZ2,4739
100723,84.47,1352468651680,84.54,84.99,84.47,100,84.46,100,84.42,100,84.37,200,84.54,100,84.56,100,84.59,100,84.64,200,85.82,1,84.34,85.52,84.2,1352408400000,1352468651739,CLZ2,4740
100723,84.46,1352468651948,84.54,84.99,84.46,100,84.45,100,84.41,100,84.36,200,84.54,100,84.56,100,84.59,100,84.64,200,85.82,1,84.34,85.52,84.2,1352408400000,1352468652029,CLZ2,4742
100723,84.47,1352468652446,84.54,84.99,84.47,100,84.46,100,84.42,100,84.37,200,84.54,100,84.56,100,84.59,100,84.64,200,85.82,1,84.34,85.52,84.2,1352408400000,1352468652528,CLZ2,4743
100723,84.46,1352468652983,84.53,84.99,84.46,100,84.45,100,84.41,100,84.36,200,84.53,100,84.55,100,84.58,100,84.63,200,85.82,1,84.34,85.52,84.2,1352408400000,1352468653088,CLZ2,4746
100723,84.45,1352468653246,84.53,84.99,84.45,100,84.44,100,84.4,100,84.35,200,84.53,100,84.55,100,84.58,100,84.63,200,85.82,1,84.34,85.52,84.2,1352408400000,1352468653328,CLZ2,4748
100723,84.47,1352468655227,84.51,84.99,84.47,100,84.46,100,84.42,100,84.37,200,84.51,100,84.53,100,84.56,100,84.61,200,85.82,1,84.34,85.52,84.2,1352408400000,1352468655288,CLZ2,4752
100723,84.46,1352468656790,84.5,84.99,84.46,100,84.45,100,84.41,100,84.36,200,84.5,100,84.52,100,84.55,100,84.6,200,85.82,1,84.34,85.52,84.2,1352408400000,1352468656891,CLZ2,4762
100723,84.45,1352468662136,84.49,84.99,84.45,100,84.44,100,84.4,100,84.35,200,84.49,100,84.51,100,84.54,100,84.59,200,85.82,1,84.34,85.52,84.2,1352408400000,1352468662227,CLZ2,4774
100723,84.46,1352468664965,84.5,84.99,84.46,100,84.45,100,84.41,100,84.36,200,84.5,100,84.52,100,84.55,100,84.6,200,85.82,1,84.34,85.52,84.2,1352408400000,1352468665087,CLZ2,4790
100723,84.45,1352468671030,84.5,84.99,84.45,100,84.44,100,84.4,100,84.36,200,84.5,100,84.52,100,84.55,100,84.6,200,85.82,1,84.34,85.52,84.2,1352408400000,1352468671091,CLZ2,4797
100723,84.45,1352468671032,84.49,84.99,84.45,100,84.44,100,84.4,100,84.35,200,84.49,100,84.51,100,84.54,100,84.59,200,85.82,1,84.34,85.52,84.2,1352408400000,1352468671188,CLZ2,4798
100723,84.44,1352468678726,84.48,84.99,84.44,100,84.43,100,84.39,100,84.34,200,84.48,100,84.5,100,84.53,100,84.58,200,85.82,1,84.34,85.52,84.2,1352408400000,1352468678738,CLZ2,4811
100723,84.45,1352468720650,84.5,84.99,84.45,100,84.44,100,84.4,100,84.35,200,84.5,100,84.52,100,84.55,100,84.6,200,85.82,1,84.34,85.52,84.2,1352408400000,1352468720788,CLZ2,4922
100723,84.46,1352468721530,84.5,84.99,84.46,100,84.45,100,84.41,100,84.36,200,84.5,100,84.52,100,84.55,100,84.6,200,85.82,1,84.34,85.52,84.2,1352408400000,1352468721593,CLZ2,4924
100723,84.46,1352468728615,84.5,84.99,84.46,100,84.45,100,84.41,100,84.36,200,84.5,100,84.52,100,84.55,100,84.6,200,85.82,1,84.34,85.52,84.2,1352408400000,1352468728628,CLZ2,4958
100723,84.45,1352468732731,84.5,84.99,84.45,100,84.44,100,84.4,100,84.36,200,84.5,100,84.52,100,84.55,100,84.6,200,85.82,1,84.34,85.52,84.2,1352408400000,1352468732789,CLZ2,4972
100723,84.45,1352468732733,84.49,84.99,84.45,100,84.44,100,84.4,100,84.35,200,84.49,100,84.51,100,84.54,100,84.59,200,85.82,1,84.34,85.52,84.2,1352408400000,1352468732892,CLZ2,4974
100723,84.46,1352468736249,84.5,84.99,84.46,100,84.45,100,84.41,100,84.36,200,84.5,100,84.52,100,84.55,100,84.6,200,85.82,1,84.34,85.52,84.2,1352408400000,1352468736337,CLZ2,4995
